t0,x0,Th,Xw,L1,L2,L3,L4,L5,L6,L7,L8,L9,L10,L11,L12,L13,L14,L15,L16,L17,L18,L19,L20,L21,L22,L23,L24,L25,L26,L27,L28,L29,L30
1225,243,256,256,44.39568345323731,1.9604810996563573,1.7015873015873018,1.41044776119403,1.1485714285714281,1.0634765624999996,1.0637254901960782,1.0155558214670335,0.9548402037980545,1.031255635030354,1.0639488409272586,1.1666666666666665,0.9696545284780581,0.8573309920983322,1.2599999999999998,1.0155057251908397,0.8060528559249787,0.7695516162669447,0.9548402037980545,0.9847328244274809,0.8705035971223022,1.2994579945799458,1.0,0.9259428050586763,1.2029268292682926,0.8869565217391305,0.8284686125549782,0.917894736842105,0.966145833333333,0.9180557501050567
2444,53,256,256,68.0634920634923,1.6418219461697727,1.1907429638522071,1.5942857142857139,1.0,1.7190265486725662,0.6798660362490151,0.9696828358208954,0.6899841017488075,0.9402573529411762,0.9847220589963569,0.8185721953837898,0.8562026436590898,0.9114893617021275,0.7933884297520662,1.2614641995172968,1.1848739495798322,1.0,0.8442265795206971,0.793694456199746,0.9118046132971509,1.0155707270331777,0.6691626290804091,1.0967441860465115,0.8978675645342316,0.9170095048943115,1.254816552186296,1.3160827353313636,1.0348447621174892,0.8284686125549782
771,147,256,256,43.71428571428562,1.6166495375128471,2.0827573985468724,1.279795534032822,1.0635114503816796,1.2031249999999998,1.1486847121616468,0.843287671232877,0.8572134658685266,1.0,0.9547038327526135,1.0,1.064245119841858,1.3198469108802628,1.0155057251908395,1.0312499999999998,1.047238372093023,1.0318003913894325,0.9257736667808608,0.9258667883211676,1.1313131313131315,0.8572134658685266,1.1148554840338256,1.0156268782305566,1.0,1.2280701754385963,1.3160827353313636,0.812899786780384,0.7735191637630662,1.0
1678,123,256,256,59.25925925925945,1.346715328467153,1.41044776119403,1.1142498430634018,0.9696828358208955,1.031255635030354,1.015503875968992,1.015509424958244,1.0810170759067683,1.0635386119257086,0.9548611111111106,0.8573075023324734,1.0636163445069735,1.0473588342440798,0.9118046132971509,1.1667842709602922,1.1486847121616468,1.1669234720082178,0.9846135637353534,0.9400921658986173,1.2235449735449733,0.940226449795965,1.0,0.8978675645342311,0.9548767788962168,1.0347826086956522,0.8720612356478951,0.7867187500000001,0.9023915461624027,1.2711022840119166
277,365,256,256,50.22137404580141,1.9669607334371213,1.9103641456582636,1.4043831742665254,1.3612114476243398,1.2425373134328361,1.166923472008218,0.8841548315232528,0.9696916710380602,0.7695035460992906,1.0,1.2216102806189355,0.8706324635117204,1.2405975279264991,1.148684712161647,0.8978790259230167,1.185017466683918,0.9402264497959651,0.9117297572568323,0.7815126050420168,1.148854961832061,1.166442609307983,0.793694456199746,1.063573568066508,1.031340405014465,0.8871900826446284,1.207547169811321,0.9663285128426503,1.1466050591275745,1.108567893597278
37,274,256,256,88.3437500000003,1.8852802514405451,1.3660940580118281,1.83046683046683,0.8978102189781021,1.1313131313131315,1.131687242798354,1.2799650043744533,1.2601040416166465,1.1485902971805946,0.8569542253521124,0.844175656532636,0.8841612831365563,1.4951292756170806,0.940226449795965,1.0637254901960786,1.0,1.1492537313432838,1.0637919401337177,0.8436132983377078,0.9402573529411765,0.8060528559249789,1.0,1.1685138375785857,1.0473243538405534,0.9663285128426503,0.872131147540984,1.0175517551755175,1.207983193277311,1.0526473676316184
170,65,256,256,42.38028169014076,1.4364963503649635,1.7329252577319585,1.384778012684989,1.1328988563031117,0.5816091954022988,0.9118046132971509,1.0483511033969752,0.8569542253521127,1.0,0.6387850915013895,0.9117297572568324,1.240995762711864,1.047238372093023,0.911489361702128,0.7809949986838642,0.9847310312426594,1.3838582677165352,0.8702450926028614,1.0,0.8702450926028614,0.8185916702447403,1.0,1.2032440883330073,1.0,1.110204081632653,1.1273518892862697,1.536008796041781,0.8718247175624786,1.0
309,471,256,256,77.01694915254265,1.424175009269559,1.6547572204296843,1.3198469108802628,1.0,1.0155707270331777,1.047244094488189,1.0472383720930232,0.9847220589963569,0.9259428050586763,1.1315456615228943,0.793103448275862,0.897844634036821,1.0,0.8183967332903503,0.8830606622814415,0.9696969696969698,0.9847274436090224,1.1485902971805946,1.0970149253731345,1.0972083748753743,0.8434592227695674,1.0472555434387494,1.1142498430634027,0.8841354723707668,1.0172795746566237,1.0526710684273708,1.1470195554857456,1.0,1.0172413793103448
2132,69,256,256,41.05050505050501,1.524271844660194,1.7659574468085102,1.475354687728536,1.1313131313131315,1.2048319327731094,1.2994579945799458,1.0472555434387496,1.047244094488189,0.9548872180451129,0.8841354723707668,1.0155038759689923,1.0634920634920633,1.0,0.7927295918367346,1.4947306791569084,1.080246913580247,1.1485714285714288,0.984732824427481,1.0,1.1313131313131315,1.0312499999999998,0.984732824427481,1.1665705682619,1.166495901639344,0.9018181818181816,1.249385145105755,1.0,1.0526473676316184,1.1664032869785081
162,494,256,256,64.30434782608683,1.3057553956834531,1.578487033911309,1.221784776902887,1.0155428024868485,1.5654717264136795,1.0636669727578816,0.9696545284780581,1.4718350754936123,1.1485714285714288,1.6402462485571376,0.8312327581543788,1.0,0.9548402037980549,1.0637254901960782,1.0972083748753743,0.8442265795206971,1.0,1.2235449735449737,1.0967261904761902,0.9541715628672152,1.1846590909090906,1.0,1.0,0.7459893048128341,1.1666666666666665,0.9830434782608697,1.0172795746566237,1.0,0.8721398811556588
1825,165,256,256,114.04347826086997,1.5278195488721809,1.6755905511811027,1.8312838170191836,1.1141352063213346,1.0641381436941106,1.1855937702790398,1.0,1.0800295493720757,1.1143790849673205,1.0,1.0472956585010917,1.1485902971805946,1.4299065420560748,0.8706467661691545,1.0,1.1496163682864453,1.0155057251908397,1.03129513721714,1.1851851851851853,0.9846824555202076,1.0155149779209929,1.2030324721806467,1.4299065420560748,0.9402985074626867,1.089861751152074,1.0530612244897959,0.9830508474576272,0.9829818181818182,0.7865937072503418
2024,460,256,256,43.49394673123485,1.524271844660194,1.3647586980920319,1.3246392896781354,1.260625501202887,1.1487603305785123,1.0637254901960782,1.0634804370383932,1.015587529976019,0.7932569974554706,1.448147084171215,0.8309859154929576,0.9548924358084666,0.8841354723707665,1.1310896829898531,1.1487603305785123,0.8978446340368208,0.9117297572568323,1.2407407407407405,0.8700000000000001,1.0475551761980249,1.0800000000000003,0.96969696969697,1.0635386119257086,1.047238372093023,0.9663865546218487,0.9830361026533272,1.0347903657448705,1.0349906542056073,1.0352941176470587
109,295,256,256,45.719999999999935,1.0982800982800978,1.6842105263157896,1.131687242798354,0.72323600973236,0.9112021857923497,1.1861009890681935,1.1494252873563218,1.1496163682864449,1.1314209894484109,0.9114893617021275,0.856836077308518,0.9847310312426594,1.1845161290322581,0.9548140424052829,0.93996767490187,0.8841354723707665,0.9117896522476674,0.9259005927952575,0.844175656532636,1.1137499999999996,0.818181818181818,0.9548924358084666,1.4049557522123892,0.9696350364963505,1.1666666666666665,0.9830508474576272,0.9180557501050567,1.0173128144421426,0.8426890756302523
207,158,256,256,95.41734417344209,1.5214678353885012,1.5216049382716048,1.3204382060938036,1.1845161290322581,0.9258244893301381,1.2608695652173914,0.8706324635117207,0.9256463051933199,1.166495901639344,1.361336946702801,1.0634804370383935,1.0316764132553604,0.9696916710380604,1.279663865546218,0.844175656532636,1.0641381436941104,1.0312781954887222,0.911489361702128,1.1845875822899186,0.9547038327526134,1.2799650043744535,0.925390266299357,0.8706324635117207,0.9257142857142857,0.9499358151476249,1.4332569211779227,0.9830139372822301,0.6624391416721765,0.8004722550177098
1093,362,256,256,45.02116402116396,2.07168458781362,1.5291723202170966,1.261464199517297,1.0987029421069285,1.0312499999999998,1.1666666666666665,1.0312499999999998,0.8313148788927337,0.7461459403905448,1.1845399406375017,1.3198469108802617,1.1855937702790398,0.96969696969697,0.9397276151840044,1.0799704724409447,1.0,0.8437499999999998,1.080326248146317,0.8976377952755906,0.9847148736037625,1.0635386119257086,1.0636163445069735,1.0,1.0646163404784093,0.9663672296083364,0.9663018433179722,1.0526315789473684,0.9180672268907566,1.2281999187322228
2214,370,256,256,37.850393700787386,1.5660660660660657,1.4922005149174624,1.166495901639344,0.9259259259259257,1.1138781128769866,1.0474972597734744,1.2220470371830248,0.8706038487060385,0.984732824427481,1.0967201934403867,1.4039548022598864,0.7576636288318148,1.0634765624999996,0.8060218491873167,0.8182991076228361,1.0801183286084062,1.0638663718987966,1.0804156872448343,1.0634920634920633,1.0,1.0637254901960786,1.0315687226809136,1.0155057251908397,0.9847058823529413,0.8871434477056634,0.966367229608336,1.0173564753004007,0.8721398811556588,1.2288135593220342
1516,2,256,256,108.87234042553231,1.6166495375128471,1.624199743918054,0.9693486590038316,1.4708780063749642,1.222047037183024,1.4259259259259258,0.9402813666379558,1.202926829268293,1.496766607877719,0.7935852651635442,0.9846680033022762,0.9114039073148572,0.8305729025251153,1.0803262481463178,1.2411714039621018,1.0315208825847124,1.1310896829898531,1.2216102806189355,0.9548140424052831,1.0,0.7936944561997463,0.8182991076228365,0.9110857794243373,1.0637919401337177,1.0172413793103448,1.2092682926829266,0.7593984962406015,0.9173027989821882,1.017256637168142
1935,191,256,256,38.007299270072934,1.288028802880288,1.2452830188679247,1.2604166666666667,0.9696828358208954,0.7687074829931974,1.131222004920825,1.404183154324477,1.3834808259587017,0.8703457446808508,1.0973236009732361,0.818181818181818,0.91156462585034,0.9402573529411765,0.8569542253521124,1.0800000000000003,0.9548924358084665,1.1672671127123007,1.2614641995172968,0.9696828358208954,1.0155558214670335,1.047846889952153,0.7577639751552796,0.9259512417407156,1.0634765624999996,1.0347800237812128,1.1082414617223038,0.8140889830508474,0.8712605735506498,1.2500000000000002
1347,27,256,256,67.02362204724433,1.3433416736169037,1.7015873015873018,1.2843861088323765,0.9847274436090224,0.8977642961465004,0.9694835680751175,0.8573309920983319,1.0,1.0636669727578816,0.7925090444775484,1.1313131313131315,0.8434592227695674,1.0,0.9402573529411765,1.1146817895400127,0.7694314032342204,1.1143790849673205,1.0799803125384517,0.7575757575757573,0.9548402037980549,1.063538611925709,1.1485714285714288,1.0473588342440803,1.0472383720930232,0.8717105263157892,0.9023915461624027,0.8284686125549782,0.9499857509261899,1.1470195554857456
2317,110,256,256,64.00000000000023,1.5543710021321966,2.031200423056584,1.4520756357313627,0.9257736667808608,0.7929276839757885,0.897844634036821,0.925925925925926,0.9259512417407156,0.9401886358408097,0.9696969696969698,1.1141352063213346,1.1845875822899186,1.0,0.9116297513170566,0.7455968688845401,0.8310865681338313,0.984732824427481,1.0472956585010917,0.9696545284780581,1.0312499999999998,0.8706467661691545,1.0968703427719821,1.096744186046512,0.9116297513170566,0.8560492139439508,1.1082414617223038,1.3164300202839756,1.034821428571429,0.9830434782608696
936,32,256,256,39.03428571428569,1.6908212560386473,1.7311586051743533,0.8954143201930812,1.1311475409836065,0.8705609027547296,1.0476190476190477,0.897706834532374,1.383480825958702,0.925714285714286,0.9847058823529413,1.0155316606929508,0.9258244893301382,0.8283072859344043,1.2413793103448278,0.9258244893301381,1.1143790849673205,0.7577765126028674,1.131545661522894,0.8311688311688314,1.1310236220472438,0.8060218491873167,0.9548402037980549,0.7320140177283032,1.0312499999999998,1.0,1.0901525658807214,1.0,0.7603686635944701,1.0349071380622064
1533,12,256,256,72.39344262295107,1.4259259259259263,1.580089244499154,1.1505791505791505,0.9544126241963761,0.8978446340368208,1.0315208825847129,1.2224269544617006,0.8183967332903503,1.3412073490813647,1.031340405014465,0.8184747583243825,0.7693351424694709,1.0977443609022557,0.8053996257685111,1.0155428024868485,0.7577263550240722,1.064039408866995,0.8058045241143833,1.2229257353911094,1.0473588342440803,0.8440567066521267,0.7574626865671643,0.9695550351288057,0.8698553948832036,1.0,1.0174107142857143,0.6625202812330988,0.8870344827586206,1.536697247706422
442,30,256,256,48.699248120300645,1.7548108825481084,2.08141592920354,1.5612087573234656,1.0157920310981534,1.2599306851506267,1.1310483870967742,0.9400334428876204,1.0,0.8704318936877078,0.9403087872352639,0.9258667883211675,1.3415376106194685,0.8572683355292052,0.5817245817245817,0.9116297513170566,1.1137500000000002,0.8562026436590898,0.9696704578594344,0.8839285714285714,0.8312327581543788,1.0804156872448343,1.2232201822744684,1.0,0.6096645554773633,0.6180037313432836,0.827641623141824,1.2070463320463323,1.1664822134387351,0.8569293478260867
740,408,256,256,83.07070707070739,1.7807174160038957,1.421052631578947,1.382406499509735,1.2994174231133993,1.0,1.3402203856749308,1.279663865546218,1.0313158687142425,0.7013285386075317,0.8978675645342316,1.3196721311475408,1.0639488409272584,1.0801776242753176,1.2406134320465363,1.0,1.031368763950051,1.0312781954887216,1.0313158687142425,1.097105508870215,0.9259512417407156,1.0,0.984567901234568,0.9398948159278737,1.0155558214670335,1.1466050591275745,1.0348733233979137,1.1865433673469388,0.9337860780984718,1.207547169811321
1846,132,256,256,43.656249999999936,1.550156739811912,1.8780817291455583,1.5459317585301835,1.0979099981171156,1.0977443609022557,0.8704318936877078,1.1324250334245878,1.080415687244835,1.2606255012028869,0.9847274436090224,1.4043831742665256,1.0312650312650313,1.015509424958244,1.1667842709602927,1.0977443609022557,0.9846517119244392,1.0,1.1491015674780172,0.7458847736625513,1.1137500000000002,1.2226613965744404,0.9696545284780581,0.9847220589963569,1.2219012605042017,0.9166666666666669,0.7345433919455474,1.2718446601941749,1.1278688524590166,0.9018181818181816
799,315,256,256,66.00000000000023,1.5676001204456493,1.3928057553956839,1.5174701459531184,1.32533889468196,1.3824064995097354,1.0,0.96969696969697,1.0967261904761902,0.9845916795069333,1.1310483870967742,1.063573568066508,1.015587529976019,1.1848739495798322,0.7460676467564509,0.92505476766978,0.8974647887323941,0.9548924358084666,1.166410650281618,1.1157024793388424,1.240995762711864,1.382674516400337,1.015587529976019,1.1848739495798322,1.0155558214670335,0.9328358208955225,0.8871434477056634,1.0526710684273712,1.227922077922078,0.9828872312417726
835,176,256,256,57.45985401459873,1.4956011730205272,1.5528973950026583,1.3409247757073843,1.2406611570247932,0.9548767788962166,1.3823529411764703,1.385920271416455,0.8307291666666665,0.9696969696969698,1.031368763950051,1.0637254901960782,0.9259512417407156,0.9696545284780581,1.2406611570247932,1.184754521963824,1.0,0.9847328244274809,1.2604166666666667,1.0155038759689923,0.8978102189781021,1.0800295493720757,1.0155149779209929,1.0634920634920635,1.1845161290322581,1.0892448512585808,1.1475409836065575,1.1080332409972296,0.9023915461624026,0.9499857509261899
1987,26,256,256,54.23809523809511,1.8148453608247421,1.9303910709721392,1.3623440875200334,1.0472956585010913,1.3838582677165352,1.031368763950051,0.9696969696969698,0.8573309920983319,1.2421984163949698,0.8975571315996846,0.9847058823529413,1.0155707270331777,1.0634804370383935,0.9256463051933193,1.1863920750782062,1.1486280487804876,0.9548872180451128,0.9402573529411762,1.063573568066508,0.9847220589963569,0.9114893617021275,1.063666972757882,1.0,1.0472956585010913,1.3172881355932202,0.9499857509261896,1.0526473676316186,1.127570093457944,0.814199695626282
355,125,256,256,31.988372093023248,1.6842105263157896,1.5354691075514875,1.3005575955392357,0.9846950788792088,1.0637254901960782,0.8438694180587403,1.0967741935483868,0.8305729025251153,1.1143790849673205,0.9548767788962166,1.0,0.9547826086956525,0.8839997769226479,0.9696350364963505,0.9117647058823528,0.8569542253521127,1.0967741935483868,0.9116297513170566,0.8313148788927337,1.096744186046512,1.1313131313131315,0.9401886358408096,0.9847310312426591,0.9117297572568324,0.8143961927424151,0.8718247175624786,1.0,0.9339029729538876,0.9338609383832672
1960,344,256,256,53.409448818897516,1.5354691075514875,1.7030939314403881,1.280701754385965,1.0974512743628189,1.3412073490813647,1.0312481221080463,1.1310236220472438,0.9118046132971509,0.9546036549877781,0.7801617079744227,0.9696119682094438,0.8177111422715996,1.1311475409836065,0.9547826086956525,0.9548402037980549,1.096744186046512,1.0799999999999998,1.0800689825080072,0.8569542253521127,1.0967201934403867,0.8572683355292052,1.0,1.2222222222222225,0.6585935220309309,0.8567931456548347,1.2079831932773113,1.1274509803921569,0.9830262585231394,0.8427419354838711
358,255,256,256,74.57314148681081,1.8412145345943258,1.2864421951387455,1.2673796791443843,0.9847310312426594,0.8700000000000001,0.8822663723325977,0.9116847826086956,0.8185721953837898,1.221784776902887,0.8705035971223022,1.0155428024868487,1.1152482269503547,0.9845916795069333,0.9403122130394861,1.0157004830917873,1.2604166666666665,0.9403122130394861,0.8977642961465004,0.8436132983377078,1.0975914920237724,1.319737651158024,0.8310865681338316,0.7459893048128342,0.9259512417407156,0.9176520270270269,0.8279871692060944,0.9830139372822297,1.1883602994445785,1.2493851451057547
2274,4,256,256,93.95698924731214,1.7617187499999998,1.3668430335096997,1.0804156872448343,1.2235449735449733,1.0636163445069735,0.9105145413870249,1.2033898305084743,0.8572134658685266,0.9546036549877778,1.2029136316337148,1.2604166666666667,0.8313057583130573,1.114523030455575,0.984714873603762,0.9548767788962168,0.7335929094728215,1.0312499999999998,0.7346803408337159,1.2406611570247936,1.015531660692951,0.8307291666666665,0.9257142857142857,0.9117297572568324,1.0155223880597015,1.1867816091954022,0.8137931034482756,0.9338282078472958,0.7473323170731706,1.315124989479
397,175,256,256,46.43010752688165,1.3835091083413236,1.7871052200949107,1.409595417114214,1.0473243538405534,0.8059701492537314,1.0967201934403867,1.0155707270331777,0.8841031927341616,1.0,1.1310483870967738,0.85578789727661,0.9847148736037625,1.0312781954887222,0.940226449795965,0.8311688311688314,0.9402264497959651,0.9116847826086956,1.114523030455575,1.047399124939232,1.0637254901960782,0.7801617079744227,0.8975571315996846,1.0312781954887222,0.940226449795965,0.8569293478260867,0.9498571428571427,1.052909255351221,0.933884297520661,1.147169811320755
859,281,256,256,86.99483204134397,1.377495462794918,1.9024644220756681,1.2994579945799458,0.9696916710380604,0.9401886358408096,0.9548924358084666,1.1311475409836065,1.382513661202186,0.8437499999999996,1.0634804370383932,0.7573243453461239,0.8841612831365563,0.7789468090759339,0.9847274436090224,0.9258244893301381,0.733824733824734,1.1666666666666665,0.93996767490187,0.7345719973457197,0.9696916710380602,1.0,0.7693351424694709,1.096816235337926,0.9847274436090224,1.0709682311016755,1.070796460176991,0.8870344827586206,0.8867533185840706,0.8266666666666668
2151,286,256,256,86.99483204134397,1.6786900806834362,1.6262626262626263,1.6210510094005237,1.4040404040404044,0.7575757575757575,1.1487603305785123,1.0,0.9116297513170566,1.064245119841858,0.9847310312426591,1.0312481221080463,0.984732824427481,1.0967261904761902,1.221697494424767,0.7012987012987012,1.0969365562666997,0.8977642961465003,0.9548402037980549,1.1148554840338256,1.047238372093023,1.1665705682619,1.0634920634920633,1.0312650312650313,1.2030324721806467,0.8570458865055662,1.0,1.017249004865104,1.1271541686073587,1.228813559322034
486,2,256,256,33.46560846560844,1.774183164332851,1.7030939314403881,1.2601040416166465,1.221784776902887,1.031368763950051,1.0646163404784093,0.8705609027547295,0.9117647058823528,0.7801617079744227,1.1494252873563218,0.9691797060218114,1.2602428933671423,0.9847148736037625,1.1845875822899186,0.9696350364963505,0.7809949986838642,1.2416196481911717,0.9256463051933193,0.7801617079744227,1.0155223880597015,1.1148554840338256,0.9116297513170566,0.9401886358408097,0.9548402037980549,0.7735191637630662,0.7591353576942872,1.2500000000000002,1.2927927927927927,0.9830508474576272
687,300,256,256,48.630853994490295,1.5502229612274208,1.7030939314403881,0.9696545284780581,1.240995762711864,1.2602428933671428,1.3612114476243402,1.0,1.0312650312650313,1.1310153691106068,0.969521130062716,1.096816235337926,1.0634804370383935,1.0472555434387496,1.1486280487804879,1.1142498430634027,1.0314769975786926,1.0968703427719821,0.9403122130394861,1.0312650312650313,1.2030324721806467,1.0635114503816796,0.8706324635117207,0.8059701492537316,0.9696828358208954,1.1475409836065575,1.1475409836065575,1.070823244552058,0.813953488372093,1.0172949002217293
1333,423,256,256,85.66666666666697,1.9964349376114092,1.5468749999999996,1.3196721311475408,1.383157894736842,0.9847274436090224,1.3623440875200332,1.2222222222222225,1.131222004920825,0.8977642961465004,1.2222222222222225,0.96969696969697,1.1310483870967742,0.93996767490187,0.9696350364963502,0.844175656532636,1.2810241167330947,1.0967741935483872,1.0472555434387494,0.9258244893301381,1.047244094488189,1.0472727272727278,1.1486280487804879,1.3612114476243398,1.2029268292682926,0.9024729091414281,1.293773016404419,0.9830508474576272,0.8869565217391305,0.6973392461197339
341,27,256,256,56.57971014492774,1.2626262626262619,1.9448818897637798,1.3405017921146953,0.7447028423772611,0.9259512417407156,1.2406134320465363,1.0155057251908395,0.9249249249249252,1.0,0.9846824555202076,1.299661016949152,0.9548402037980549,1.148590297180594,0.8168021680216805,0.9548924358084666,1.031340405014465,1.2224269544617006,1.0,0.9259005927952575,0.9696119682094438,1.2599999999999998,0.8436132983377078,1.03129513721714,0.8555555555555556,0.9663793103448276,1.2491808650065532,0.7729331090697373,0.6842298963380973,0.966350301984469
2061,322,256,256,91.10582010582043,1.4123414071510951,1.3132086167800452,1.0800000000000003,0.8841354723707668,0.9696916710380602,0.9846135637353534,0.9547826086956521,0.7233201581027666,1.0,1.0312650312650313,0.8442265795206971,0.7687074829931972,0.8181818181818181,0.9259512417407156,0.9847310312426591,0.9546036549877781,0.9547826086956521,1.0156739811912225,1.242537313432836,0.9696545284780581,0.9548402037980545,0.9542575650950037,0.9402985074626866,1.1139494114700728,0.9337860780984719,0.9829818181818181,0.9830262585231394,1.03515625,1.1875000000000002
1564,382,256,256,30.97959183673468,1.5102657004830917,1.1340638092168869,1.4262295081967213,0.9696350364963505,1.448662640207075,0.9847148736037625,1.2408522464103748,1.166495901639344,1.1143790849673205,1.0476190476190481,0.9696119682094438,0.8833753854779928,1.2039882314481858,0.9258667883211675,0.954656435298221,1.202966432474629,0.8838443066957055,1.031340405014465,1.0,1.080745341614907,0.9846824555202076,0.6388888888888888,1.3002717391304346,1.0474452554744522,0.9496124031007751,1.108166409861325,1.070823244552058,1.0529811320754718,0.8572783952290595
1219,406,256,256,104.70370370370408,1.3277310924369745,1.8449999999999998,1.3050379572118702,0.9696545284780576,1.149101567478017,1.1310236220472445,1.2604166666666667,1.0640394088669953,0.9548402037980549,1.2799650043744533,1.080246913580247,1.0967441860465115,0.8840579710144928,1.2599306851506262,1.0312556350303541,1.0,1.341537610619469,1.0156062424969987,0.7323863928773608,0.9543378995433791,1.221784776902887,1.2599999999999998,1.0636163445069733,1.1137784446111525,1.1081081081081081,0.9338842975206613,0.9829991281604186,0.7346270161290321,0.9829991281604186
196,112,256,256,58.352941176470786,1.981390449438202,1.722222222222222,1.6682242990654206,1.2804179305695988,1.3210537147561225,0.8689075630252101,1.0799803125384517,1.2408522464103748,0.8438694180587403,0.9847058823529413,1.1486280487804879,0.81859167024474,0.7936507936507938,1.1310896829898531,1.1324250334245878,0.953982300884956,0.9259005927952577,0.8305729025251153,0.830985915492958,0.8313148788927337,1.2219012605042012,0.9259005927952575,0.9400921658986178,0.8839997769226479,0.7465273352873711,0.7573400738868366,1.1271541686073592,1.127173913043478,1.167595097883177
316,300,256,256,103.09039548022636,2.094982078853047,2.086029150373267,1.5321406913280775,0.9402813666379558,0.9256463051933193,1.0312481221080463,0.76957564383276,0.7346397223923249,0.9548140424052831,0.9693973634651603,0.9846335697399525,1.4260473069250497,0.9847058823529413,0.9696916710380602,0.8835125448028672,0.8570564626972345,0.8977642961465004,0.9116847826086956,1.079980312538452,0.8964850415197363,1.080246913580247,1.3000271517784414,0.9259005927952575,1.080029549372076,1.27076617902306,0.9338983050847459,0.9022556390977442,1.0529811320754718,0.8133971291866028
654,312,256,256,38.007299270072934,2.2004801920768315,1.5974264705882346,1.448179271708684,1.0801776242753178,1.080326248146317,1.0312650312650313,0.8058977230309818,1.2032440883330073,1.3615127919911014,0.9258667883211675,1.0803262481463178,0.9116847826086956,1.1141352063213348,1.0312650312650313,0.8706324635117204,0.87012987012987,1.0808759487370911,0.8704318936877077,1.4482758620689653,0.8978102189781021,1.448179271708684,1.0472383720930232,1.0,0.9548140424052831,0.8721311475409835,1.0893266147503438,0.9179523141654978,1.2502879710383414,1.0529092553512212
640,449,256,256,67.02362204724433,1.7368421052631577,2.2580645161290325,1.148590297180594,0.9695853073638652,0.8974647887323941,0.9259005927952577,1.3005575955392357,0.7458847736625512,0.9696828358208954,1.0967201934403867,0.9548872180451128,0.9846950788792085,1.0967741935483868,0.9695853073638652,1.0312781954887216,0.8839997769226479,1.3620161514898355,0.984714873603762,0.9847274436090224,0.9116297513170566,1.0312499999999998,0.9846950788792085,1.148590297180594,1.2795135389370424,0.7984896661367251,1.0526473676316184,1.384935064935065,1.0526473676316186,0.8567931456548347
2309,83,256,256,55.07999999999987,1.9345314505776636,1.482768865121806,1.525370453524921,1.1666666666666665,1.3907256333190205,1.0,1.0156062424969987,1.1850174666839173,1.0312499999999998,0.9114893617021275,1.1138211382113823,1.0,0.9117896522476676,0.9117647058823531,1.202926829268293,0.8572134658685266,0.925714285714286,0.9259428050586761,1.1138211382113823,1.0,1.031315868714243,0.9847058823529413,0.8438694180587398,1.0312499999999998,1.2927439532944118,1.0,0.7735191637630663,0.9020647321428569,1.0172413793103448
986,481,256,256,50.22137404580141,1.0991798588594317,1.8167989417989416,1.3445389873064586,0.9846335697399528,0.9548402037980545,1.4576457645764576,0.9696969696969698,1.0312499999999998,0.9846135637353532,0.969698735504924,0.984485022079007,0.9115646258503401,0.8573309920983322,0.8058977230309818,1.0800295493720757,0.7936507936507935,0.984732824427481,1.0155057251908397,1.2995391705069128,1.080029549372076,0.7806254284659601,1.1137357830271215,1.1855937702790398,0.7461198478774799,0.8003937007874017,0.950007121492665,1.207748184019371,1.017249004865104,0.7221249999999999
696,476,256,256,26.63074352548038,1.507202881152461,1.8805350944035226,1.224704161680628,1.1846590909090906,1.2832244008714597,1.0314769975786924,0.9547826086956525,1.4493087557603688,1.0312951372171404,1.0,0.9548402037980545,0.8702450926028611,1.0,1.0799704724409447,1.0155428024868485,1.0,1.3196721311475408,1.1503083247687564,0.9259428050586763,0.7801617079744227,1.0313404050144646,0.9696704578594344,1.0314009661835748,1.0155057251908397,0.918032786885246,0.6974883033735533,0.8720612356478952,1.2294117647058824,1.089449541284404
1998,74,256,256,50.9435028248587,1.667361835245047,1.524271844660194,1.408075907826211,1.166495901639344,1.015522388059702,1.4708780063749636,1.1138781128769866,1.1846590909090906,1.0800689825080072,1.279795534032822,1.063573568066508,1.1138211382113823,1.131222004920825,1.148684712161647,0.8185332331150007,1.031568722680913,1.080029549372076,1.2599306851506267,0.9548924358084666,1.2220470371830248,1.1498271225509027,1.1138211382113823,1.080029549372076,1.2994174231133993,1.0172795746566237,1.207983193277311,0.8424030172413791,1.5093877551020412,1.089449541284404
1393,120,256,256,44.39568345323731,1.5072576869049477,1.4375764993880042,1.2797955340328218,0.984732824427481,1.13184584178499,1.2030324721806467,0.9118046132971509,1.4053287981859406,0.9548872180451129,0.8705035971223022,0.842666960061613,0.5376955903271692,1.202966432474629,0.984732824427481,0.8442265795206971,1.3838582677165354,0.8185332331150007,1.6923558897243107,0.9548872180451129,0.9257736667808608,0.79226589964845,0.5547945205479451,0.8567019400352733,0.8978102189781021,0.9830434782608697,1.1466050591275745,0.9178255372945641,0.6975999999999999,1.1272134203168687
1714,212,256,256,50.9435028248587,1.4588235294117649,1.8805350944035226,1.166495901639344,0.7692147034252298,0.9401886358408096,1.13184584178499,1.1310483870967738,1.0972083748753743,1.408805031446541,1.0972083748753743,1.0967741935483868,1.1310236220472445,1.1137500000000002,0.9259512417407156,0.8705609027547296,1.0313404050144646,0.9696119682094435,1.080415687244835,1.1522446324007807,1.0638663718987966,0.9402573529411762,0.9696704578594344,1.0,0.9116297513170566,0.8721049395367904,0.950007121492665,0.8712605735506499,1.0,1.3692145862552596
2044,79,256,256,50.75862068965535,1.4545454545454546,1.3005575955392357,1.3668430335096997,0.8438694180587398,1.0979099981171156,1.247131509267431,1.080029549372076,1.0638663718987962,0.9117647058823528,0.7690700104493209,0.8978675645342316,0.9847310312426591,0.8313057583130573,1.047238372093023,1.047688921496699,0.7345719973457197,0.9117896522476676,0.8705609027547296,0.8313148788927337,0.9397276151840044,0.8569542253521124,0.9402813666379558,0.870646766169154,1.015503875968992,1.2327393286365522,0.9829147196261679,0.966388968687159,0.872,1.017249004865104
1507,352,256,256,30.54545454545455,1.6294907841299597,1.3880597014925375,1.3405017921146953,1.0,1.166495901639344,1.015509424958244,1.2413793103448276,0.9403122130394861,1.063538611925709,0.8978675645342316,0.8978675645342316,0.7693351424694709,1.148590297180594,0.9402985074626867,1.0473588342440803,0.9118046132971509,1.0476889214966982,1.0,1.0800689825080072,1.0,0.7933884297520662,0.8706467661691545,0.9696119682094435,0.9402985074626867,1.3379779099405265,0.872131147540984,1.0527422990232909,0.800157666535278,0.8721049395367904
639,162,256,256,155.2372881355938,1.4545454545454546,1.254759238521836,1.1850174666839173,1.2614641995172968,1.0472727272727274,1.096816235337926,1.0,1.09672619047619,0.8703457446808508,1.185017466683918,0.9259512417407156,0.7105263157894736,1.0155057251908395,1.0810170759067679,0.8978675645342311,0.9847328244274809,0.9547826086956525,0.9258667883211676,1.0312499999999998,1.166923472008218,1.0634765624999996,0.7556390977443606,0.9847328244274809,1.4489531620979927,0.8143839238498148,0.8870344827586206,0.9499358151476249,1.1667986694123236,0.9663793103448276
2390,10,256,256,38.59803921568622,1.3653994800084324,1.456540825285338,1.7464114832535884,1.166923472008218,1.0472956585010917,1.0313158687142425,1.2794947594732597,0.9398148148148145,1.0634804370383932,1.0967741935483868,0.8706324635117207,0.9548767788962168,1.4062499999999996,1.4039548022598871,1.015509424958244,0.8573388203017831,1.0801183286084062,0.8055555555555554,0.9117896522476676,1.0473991249392318,0.9118095991859348,1.0312951372171404,0.6093896713615025,1.2033898305084747,1.0526710684273708,0.9499857509261896,1.0710382513661199,0.9660377358490566,0.917744656917885
1510,443,256,256,39.64055299539168,1.543259557344065,1.621563471192924,1.224286662242866,1.2797955340328218,1.0800689825080072,1.0801776242753176,1.0472727272727278,1.0635386119257086,1.0472555434387496,1.1664106502816176,0.9114039073148572,0.911489361702128,1.114523030455575,1.0,1.0,1.047399124939232,0.9118046132971509,0.9402573529411762,0.87012987012987,1.221610280618935,0.925569678231994,1.0,0.9258667883211675,0.9548140424052831,1.089258468111077,1.1273518892862697,0.7097674418604651,1.189504373177843,1.1272134203168687
1102,100,256,256,45.02116402116396,1.7389962644144872,1.6729411764705877,1.5528973950026583,1.3647586980920319,0.9259005927952575,0.9402573529411762,1.031437035245753,0.8977642961465004,1.0,0.9548767788962168,0.9847328244274809,1.0,1.0472956585010917,1.1851851851851858,0.9548402037980545,0.8841354723707665,0.9547458807147832,1.0155707270331777,1.1485714285714288,1.0312951372171404,0.8841031927341616,1.0472727272727274,1.0,0.9403122130394861,0.966350301984469,0.8720612356478952,0.8143839238498151,0.9179523141654978,1.0892448512585808
1319,439,256,256,56.80487804878037,1.5769819406183045,1.6717820231756961,1.6697892271662762,1.080745341614907,1.2220470371830248,1.202966432474629,1.1492537313432842,1.1137357830271213,0.9847220589963569,1.166442609307983,0.9847310312426594,1.2029136316337148,0.8840579710144928,0.8311688311688314,1.3198469108802628,1.166410650281618,0.8706467661691545,1.1310236220472445,0.9118046132971509,1.063573568066508,1.1313131313131315,1.0967741935483868,1.166495901639344,0.7695516162669448,0.8426890756302521,1.0526315789473681,1.1470195554857456,1.1466165413533835,0.8427736343479135
2388,217,256,256,47.2222222222221,1.6000000000000003,1.9345314505776636,1.7499999999999996,1.3423423423423422,1.3002717391304346,0.7812713602187287,1.1846590909090906,1.079980312538452,1.1138211382113823,0.9259259259259257,1.0967741935483872,1.096816235337926,1.3196721311475408,1.1138211382113823,1.0312499999999998,1.0,0.954861111111111,1.0634920634920635,1.2033898305084743,0.8573388203017831,0.9548872180451128,1.202926829268293,0.925714285714286,0.8439716312056736,0.814199695626282,0.8002888655462186,0.9499857509261899,1.2279035792549307,1.0172413793103448
2242,166,256,256,62.0606060606063,1.6210510094005237,2.362737341772151,1.1850174666839173,1.612196844831646,1.4259259259259258,0.925390266299357,1.3620161514898357,1.015503875968992,1.03129513721714,0.8841354723707668,1.202966432474629,1.0,0.969698735504924,0.9846950788792088,1.097323600973236,0.9693973634651596,1.131545661522894,1.096744186046512,0.8978446340368208,0.8978675645342316,0.7437493515924888,0.9402573529411765,0.9548924358084665,1.0637919401337175,1.3384955752212393,0.8864864864864863,1.070796460176991,1.1083333333333334,0.9180327868852458
2194,78,256,256,41.6870229007633,1.5391705069124428,1.631265664160401,1.1492537313432842,1.1313131313131315,1.0472956585010917,1.0639488409272584,1.0635114503816794,1.0312781954887216,1.1486847121616468,1.131222004920825,1.0640394088669953,0.9696916710380604,1.015522388059702,1.0637254901960786,1.0155149779209929,1.0476190476190477,1.0802469135802464,1.0636669727578816,0.9402813666379558,0.8841031927341616,0.8976377952755906,0.9403087872352639,0.8573309920983322,1.0314009661835748,1.0528455284552845,1.2082524271844661,1.07086077674313,1.2506178942165105,0.7860501567398118
764,345,256,256,52.59374999999987,1.7890419947506562,1.4074074074074077,1.261464199517297,0.8696959572335451,1.096816235337926,1.0472555434387494,1.0312499999999998,1.4275704275704273,1.0635386119257086,0.8441247002398083,1.0799704724409447,1.0,1.0800689825080072,0.8563853292090147,0.8182991076228361,1.080029549372076,0.8571428571428572,1.1154675802563125,1.221610280618935,1.1137500000000002,1.1485902971805946,0.9117647058823531,1.0472727272727278,1.3412073490813647,0.9024390243902438,1.166429587482219,0.8282396903776857,1.0,1.070823244552058
1143,401,256,256,86.99483204134397,1.6248062015503877,1.5424739195230994,1.096816235337926,0.9846824555202076,0.9847310312426594,1.1486280487804879,1.3008849557522124,0.969698735504924,0.8573075023324734,0.9696916710380602,0.9403087872352637,1.4041831543244774,1.031315868714243,0.8705609027547296,1.09672619047619,0.8178879310344825,1.0312499999999998,1.148854961832061,0.9696350364963505,1.0312481221080463,0.7101889851547853,1.0,1.166442609307983,0.9696119682094438,0.8422649140546006,1.0707803992740468,1.2949579831932774,0.9024729091414284,0.9830262585231394
467,128,256,256,31.988372093023248,2.082450900533985,1.9282479972135145,1.524271844660194,0.8434592227695674,1.3615127919911012,1.0315687226809136,1.031437035245753,1.0969365562666997,0.9696704578594344,1.1486847121616468,1.1137357830271213,0.9696828358208954,1.0800000000000003,0.8565517241379312,1.015531660692951,0.925569678231994,1.0,0.8424242424242425,0.9847220589963569,0.8704318936877077,1.047244094488189,1.015509424958244,1.0634920634920633,0.8833753854779928,1.127173913043478,0.8715785140975508,0.9338609383832672,1.0895316804407713,0.9663865546218487
820,182,256,256,127.03053435114548,1.6248062015503877,1.4545454545454546,1.592660132208799,0.9403087872352637,1.1486847121616468,1.047244094488189,0.9259005927952575,1.031315868714243,0.9696350364963502,1.0155057251908395,0.9696916710380602,0.9548924358084666,0.9695853073638652,0.9403087872352637,1.047238372093023,1.015509424958244,0.9117647058823528,1.1310896829898534,1.0,0.8841031927341616,0.8704318936877077,1.0800689825080072,0.9400334428876204,1.1138781128769866,1.0,1.0526236881559219,0.7864406779661017,0.8005507474429583,1.0349462365591398
107,226,256,256,38.5,1.7890419947506562,1.9669607334371213,1.2039882314481858,0.8438694180587403,1.0,1.5429999254120987,1.0312650312650313,0.8706324635117207,1.2409957627118644,1.0805152979066024,0.9402264497959651,0.9695853073638652,0.9548872180451129,1.2220470371830248,1.1845875822899186,1.319737651158024,0.87012987012987,0.9696916710380604,1.448147084171215,1.1851851851851853,1.0634804370383935,1.2795135389370424,0.8312327581543788,1.2602428933671428,1.1272727272727272,0.9830262585231394,1.070775047258979,0.9830361026533272,1.0349071380622061
2158,452,256,256,39.82191780821909,1.264120276310443,1.7124435847840103,1.462805013720982,1.0801183286084062,0.8436132983377076,1.0634920634920633,0.925390266299357,1.2030324721806467,1.0472727272727274,0.7689009724981701,1.0,1.0968703427719824,0.9695853073638652,0.844175656532636,1.1145230304555749,0.9696969696969698,0.856701940035273,0.8976377952755906,1.0155316606929508,0.969296173830893,0.9258244893301381,0.8706038487060386,0.9695853073638652,0.9847274436090224,0.9021670963695912,1.1080332409972296,0.9175475687103591,1.0893266147503438,0.8406862745098039
1847,259,256,256,86.99483204134397,1.8008658008658016,1.3031550068587106,1.4712193707409018,1.1845875822899186,1.0473588342440803,1.0312499999999998,1.322314049586777,0.96969696969697,0.8162244454110483,0.9847328244274809,0.8058045241143833,0.8442265795206971,1.064245119841858,0.8838443066957055,1.4041831543244774,0.8978102189781021,1.0,0.9548924358084666,1.4040404040404044,1.015503875968992,0.9259512417407156,0.9117896522476674,1.4712193707409018,1.1310236220472445,1.1665612148054412,1.0893266147503438,0.9180557501050569,1.0172439204126749,0.8426150121065377
1518,331,256,256,117.61764705882393,1.408075907826211,1.6804123711340206,1.264693905253156,1.0312781954887222,1.1848739495798322,0.9548767788962166,1.0634920634920635,1.047244094488189,0.7692147034252298,0.8841354723707665,1.1667842709602922,0.9402985074626866,0.8185332331150006,0.8312327581543788,1.2219012605042017,0.8705609027547295,1.1485714285714288,0.9548402037980549,0.9696916710380604,0.9402573529411762,1.031255635030354,0.9117647058823531,0.897706834532374,1.2618152524167563,0.9495327102803739,0.9830361026533275,0.9023304347826087,0.8284457478005864,0.7729331090697373
842,367,256,256,57.6885245901638,1.5136778115501517,1.578487033911309,1.3452131376659675,1.096816235337926,0.9696969696969698,1.131545661522894,1.2406134320465358,0.9548767788962166,0.8573309920983322,1.148684712161647,0.91156462585034,1.0,0.8442265795206971,1.2216102806189355,1.0155038759689923,1.0970149253731345,1.0635386119257086,1.047238372093023,0.9259428050586763,1.148684712161647,1.1326530612244898,1.1140350877192982,0.8841548315232524,0.9400334428876204,1.146616541353383,0.8427841977962913,1.127173913043478,1.1466050591275745,0.8283313325330134
1160,5,256,256,31.95238095238094,1.8130493576741036,1.5321406913280775,1.3838582677165354,1.0313404050144646,1.5410628019323673,1.0800689825080072,0.9401886358408097,1.113778444611153,0.925714285714286,1.0805152979066026,1.0155428024868485,0.8313148788927337,1.0634804370383935,0.9847058823529413,1.1670843776106934,0.8696959572335451,0.883746926000447,1.260625501202887,1.0314769975786924,1.0,0.8978446340368208,0.9548402037980545,0.8568360773085182,0.8442265795206971,0.933223942355711,1.3849350649350654,1.070823244552058,1.2073799548823716,0.9496846330275228
1051,270,256,256,39.19753086419747,1.3423423423423422,1.408075907826211,1.3423423423423422,1.1679478069892124,1.3823529411764703,1.2795698924731183,0.9696828358208954,0.925773666780861,0.7459893048128342,0.870646766169154,0.984732824427481,0.9403087872352637,1.1311475409836065,0.8706038487060385,0.9846335697399525,1.221784776902887,1.1137500000000002,0.9401886358408097,0.8701298701298698,0.8313057583130573,0.925925925925926,1.0472555434387494,1.047244094488189,0.7695516162669447,0.7849264705882353,1.1087108013937281,1.127173913043478,1.3380928097909233,1.148890479599141
1486,131,256,256,39.80597014925369,1.8008658008658016,1.7886754297269967,1.1487603305785123,1.148854961832061,1.4727272727272722,1.1137499999999996,0.954861111111111,0.9547458807147828,0.940226449795965,0.8978790259230167,0.8978675645342316,0.8977642961465004,1.5914019258472973,0.9259428050586761,1.0,1.0472727272727274,0.8178879310344825,1.148590297180594,0.8185916702447403,0.793585265163544,0.9847310312426594,1.1146817895400127,1.2030324721806467,1.096816235337926,1.0526710684273708,1.0172668240850058,0.9338609383832674,1.1272134203168687,1.0349071380622064
282,497,256,256,35.59105779716465,1.7030939314403881,1.3475446742648092,1.1496163682864449,1.1310483870967742,1.149101567478017,1.148684712161647,1.0312781954887222,0.9696828358208955,1.015503875968992,1.0472555434387494,1.1485902971805946,1.0,0.7459893048128341,1.1310483870967742,0.8312327581543788,1.031340405014465,0.9696704578594344,0.8978790259230167,1.0799803125384517,1.2416196481911717,1.1310236220472445,0.8705609027547296,1.080326248146317,1.0155057251908397,0.8721398811556588,1.186558239655585,0.9024932286964376,1.1887096774193548,1.1468926553672316
715,180,256,256,53.409448818897516,2.2628571428571433,2.0363257541443978,1.5278195488721809,1.3405017921146953,1.1489686783804431,1.5411834671424318,0.9251755496719234,1.3210537147561225,0.9402813666379558,1.166442609307983,1.0312781954887216,0.9403087872352639,0.7934978290797415,0.9547458807147828,0.8706038487060386,0.8052226027397259,0.8303979125896932,1.2810241167330947,1.047238372093023,1.0312556350303541,0.8565517241379308,0.9548872180451129,0.8978790259230166,1.1310483870967738,0.9024932286964376,0.7216378662659655,0.7727272727272727,1.4105263157894732,1.089258468111077
1601,345,256,256,47.95522388059692,1.5854946420251586,1.421052631578947,1.2425373134328361,1.09672619047619,1.1845875822899186,0.953982300884956,1.0479351032448376,0.9113082039911308,1.113778444611153,0.8442096088898574,0.8573075023324734,0.8056904927133933,1.0473243538405537,0.9847274436090224,0.9847220589963569,0.7920000000000004,0.8835125448028673,0.8701298701298698,0.9259005927952577,1.0801776242753178,0.9548140424052829,0.7575757575757575,0.9259428050586763,1.0155057251908397,1.1271541686073592,0.6963667820069204,0.7867187499999999,1.3157894736842102,1.0
117,149,256,256,43.71428571428562,1.666356011183597,1.8920147525516768,1.302615363549227,1.1148554840338256,0.8977642961465004,1.0156268782305564,0.8976377952755906,1.1858349577647824,1.0316205533596836,1.1150442477876108,1.1145230304555749,1.0,1.1485714285714288,1.1148554840338256,0.9116847826086956,0.8975571315996848,0.9847220589963569,1.0316764132553606,0.856836077308518,0.8839285714285714,0.9845422116527942,1.031255635030354,0.9548140424052831,0.7815470251535998,0.8143471074380166,0.7999999999999998,1.0526710684273712,1.250990099009901,1.1482772277227722
311,129,256,256,54.01418439716332,2.16559260297002,1.6190476190476186,1.5429999254120987,0.8185332331150006,0.9402813666379556,1.2030324721806467,0.9846335697399525,1.0805152979066026,1.2029136316337148,0.9695211300627162,0.9402813666379558,1.1137784446111525,1.1310896829898534,0.9846680033022762,0.9117896522476674,1.015509424958244,1.1140350877192982,1.0314009661835748,1.404640633842671,1.2219012605042017,0.8438694180587398,1.404640633842671,1.0800689825080072,0.9257736667808608,0.7601383817028636,0.9333333333333332,1.1082414617223035,1.148890479599141,1.1664295874822188
2314,385,256,256,70.19354838709701,1.9213483146067416,1.3484271406404285,1.7253307827195916,1.0476190476190477,1.0799704724409447,1.0474452554744522,1.221784776902887,0.8170599696904091,0.9547458807147828,0.9846950788792085,1.1311475409836065,0.897706834532374,1.0800689825080072,0.9693486590038314,0.9696828358208954,0.8978102189781021,1.047244094488189,1.1310483870967738,1.0635386119257086,0.9547458807147828,1.0155038759689923,0.8312327581543788,1.1138211382113823,1.3613369467028007,1.5150403521643432,0.9499000856408794,1.249262536873156,1.2491808650065532,0.9173027989821882
1724,32,256,256,59.25925925925945,1.6081871345029235,1.4306495751116233,0.9846135637353534,1.0802469135802464,1.2226613965744404,1.3008849557522124,1.2411714039621018,0.9696545284780581,1.081168831168831,1.131687242798354,1.0971055088702142,1.080029549372076,0.9399676749018704,0.8841548315232524,1.0,1.047244094488189,1.0315208825847124,0.9548140424052831,1.0480295566502462,1.0802469135802464,0.7936507936507935,1.0,0.7934978290797419,0.9402813666379556,0.7865937072503422,1.2280701754385963,1.535812419857117,0.8283313325330134,1.1094566149528335
1616,412,256,256,30.034205231388324,1.3198469108802628,1.7222222222222219,1.1496163682864449,1.015509424958244,1.1485714285714288,1.1310483870967742,1.0637254901960786,0.9402573529411762,0.9401886358408097,0.8182991076228365,0.92505476766978,1.4039548022598864,0.9259005927952575,1.1485902971805946,1.0,1.0,1.0314009661835748,0.9548402037980545,1.221697494424767,1.0475551761980249,1.3403610307289517,1.2407407407407405,0.793694456199746,1.1137357830271213,1.1664032869785081,1.2491400491400493,1.1083333333333334,1.0172795746566237,1.0
673,348,256,256,51.79069767441848,1.7956989247311832,1.7207349912878185,1.4990771502399407,1.131687242798354,1.0,1.1310483870967738,1.0155558214670335,1.097105508870215,1.1486280487804876,0.9117297572568323,0.925925925925926,1.3445389873064586,1.1310896829898531,0.9547826086956521,0.9548767788962168,0.9117647058823528,1.0473588342440803,1.2408522464103753,1.2994579945799458,0.8839997769226479,0.8705035971223022,1.2837847056415854,1.260625501202887,0.9257142857142857,0.9338609383832672,1.0,1.1272134203168687,1.0349462365591398,1.089449541284404
617,72,256,256,54.85714285714306,1.6822519083969465,1.578487033911309,1.2222222222222225,1.3825136612021858,1.0634765624999996,1.0472555434387496,1.0968703427719824,1.1485902971805946,1.0,0.781512605042017,0.8440567066521265,0.9118095991859348,1.0312499999999998,1.0805152979066024,1.0,0.9847148736037625,0.8706038487060386,1.0967201934403867,0.8978446340368208,1.2063492063492067,0.9548924358084665,0.8978790259230166,1.1666666666666665,1.2604166666666665,1.2718446601941749,1.034803301851714,0.966386554621849,0.9663865546218487,0.9179523141654978
1140,463,256,256,46.49999999999989,1.4814814814814814,1.6936597614563722,1.471014492753623,1.2418926103136632,0.9398948159278737,1.3218485661233754,1.1666666666666665,0.8055555555555554,1.801882964045126,0.9847058823529413,0.9259259259259257,1.0314769975786926,0.9545454545454544,0.9403122130394861,1.047399124939232,0.7004908344185116,1.2413793103448278,0.856701940035273,1.0982800982800982,0.9547458807147828,0.9696704578594338,0.9845916795069338,1.221784776902887,1.015509424958244,1.0173128144421426,1.2535,1.070909090909091,0.5565217391304347,1.1880424300867891
1254,113,256,256,37.850393700787386,2.32666077911883,1.6755905511811027,1.4259259259259263,1.2799650043744533,1.221697494424767,1.2406611570247936,1.047688921496699,0.8974647887323941,1.3828892005610096,1.0,1.096744186046512,0.9847220589963569,1.1140350877192982,0.8056904927133933,1.3201970443349755,1.0969365562666997,1.0156268782305564,0.9547826086956521,1.0,1.2408522464103748,0.9548767788962166,0.9696704578594344,1.340220385674931,1.2411714039621018,0.949935815147625,1.2707661790230598,1.03515625,1.2927927927927927,1.2279035792549307
629,91,256,256,44.33333333333328,1.5155189506596514,1.5010005187875193,1.279663865546218,1.221697494424767,1.2051686723219566,1.0800689825080072,0.9846335697399528,1.0,0.9847328244274809,1.166442609307983,0.9546564352982212,0.9548767788962166,1.0472727272727274,1.0636163445069735,0.9548140424052829,1.0312650312650313,1.1328988563031117,1.063573568066508,0.9259428050586761,1.1310236220472445,0.8553063609549783,0.9847310312426591,0.8573388203017831,0.9259428050586763,0.8721311475409835,1.0707964601769913,0.9337860780984718,0.9336734693877551,0.8426890756302523
734,303,256,256,33.0547945205479,1.4133844041338441,1.252777777777778,0.9846950788792088,0.9548872180451129,1.0,1.3196721311475408,1.221784776902887,0.925925925925926,1.047244094488189,1.0,0.9117297572568324,0.8295081967213116,0.8185916702447403,0.9696916710380604,0.8841612831365563,1.1488549618320612,1.2031249999999996,1.0312499999999998,1.0312499999999998,1.1148554840338256,0.9117297572568324,0.6383693045563551,0.9117297572568324,0.8312327581543788,1.0893266147503438,0.8414956309693152,1.3616071428571432,1.2079831932773113,0.966388968687159
1599,167,256,256,44.39568345323731,2.057938965059708,1.569056603773585,1.2413793103448278,0.925390266299357,1.3612114476243398,1.0968703427719824,1.0,0.9847310312426594,1.1137357830271215,0.8185332331150006,1.2601040416166465,1.1664,0.925925925925926,0.8972448057813911,0.9254843517138598,1.0312650312650313,0.984714873603762,0.8572683355292053,1.0472555434387496,1.1487603305785123,1.0314370352457531,0.9117896522476674,1.1138211382113823,1.0,1.1272727272727272,0.9830361026533272,1.052702702702703,0.7732558139534886,1.1272727272727272
626,401,256,256,46.43010752688165,1.8957983193277317,2.3700234192037475,1.523255813953488,0.9845916795069333,0.7455968688845402,1.1486280487804879,1.1676986584107325,0.9401886358408097,0.9116847826086956,1.148590297180594,1.131420989448411,0.8832247922748708,0.9402813666379558,1.1334445371142619,0.7812713602187287,1.1310483870967742,1.0313404050144646,0.8434592227695674,1.1137500000000002,1.221610280618935,0.911489361702128,1.0968703427719821,1.0312481221080463,0.9113082039911308,1.0709682311016755,1.0,0.9180672268907566,0.9662702702702703,1.089258468111077
2366,180,256,256,45.02116402116396,1.3339041095890412,1.59342665855143,1.2416196481911717,1.0312481221080463,1.096816235337926,1.361739130434783,1.2599306851506262,1.0312781954887216,1.224286662242866,1.0155149779209929,1.1322145944571573,1.148590297180594,1.031255635030354,0.9402813666379558,0.9255696782319935,1.4262295081967213,1.015531660692951,0.9401438848920862,0.8841031927341616,0.883746926000447,1.448662640207075,1.0967741935483868,1.2035623409669214,1.0312481221080463,1.315124989479,1.1673553719008267,1.052702702702703,0.9025000000000003,0.9663285128426506
808,65,256,256,58.586776859504,1.4403534609720179,1.9829023111951194,1.74670921420024,1.6162079510703367,1.031255635030354,1.2406134320465363,1.1142498430634027,1.0635114503816796,1.2406134320465358,1.2406611570247936,1.3196721311475408,1.3210537147561225,0.9397276151840044,0.9846335697399525,1.131222004920825,1.0155558214670335,1.1315456615228943,0.9259428050586761,1.0635386119257086,1.3402203856749308,1.0314009661835748,0.9539823008849557,0.8833753854779928,1.1847545219638242,1.249140049140049,0.933432899509281,1.0898617511520736,1.034782608695652,1.3152311189694366
433,9,256,256,80.69565217391334,1.523255813953488,1.888888888888889,1.5490196078431369,1.2608695652173914,1.0472727272727274,1.0155428024868487,1.047244094488189,0.844175656532636,0.7913992297817715,1.3002717391304346,0.805399625768511,1.0800000000000003,1.0800000000000003,1.0800000000000003,1.0,1.2598960415833667,1.0,1.0312781954887222,0.6379177871686513,1.280417930569599,1.047238372093023,1.0155038759689923,0.8978102189781021,0.8978102189781021,1.0348214285714286,1.1470195554857459,0.9663672296083364,1.0,0.6280904167647751
1382,311,256,256,47.88524590163928,1.4258487194758789,1.456540825285338,1.6729411764705877,1.080029549372076,0.9259428050586763,1.3838582677165354,1.0799803125384517,1.0634804370383932,1.0634804370383935,1.166495901639344,0.8696959572335451,1.0312951372171404,1.2029268292682926,1.1138781128769866,1.131545661522894,1.0799704724409447,0.9259005927952577,1.0155057251908395,1.047244094488189,1.2406134320465363,0.7455968688845401,0.8573309920983322,0.9401438848920862,1.0,0.966350301984469,1.089381207028266,0.9830508474576272,1.034782608695652,1.0347800237812128
1096,49,256,256,255.04580152671844,1.9849332759362899,1.2039882314481858,1.518004722550177,0.9116847826086956,1.0474452554744522,1.282225237449118,1.0634765624999996,0.8706467661691545,0.925925925925926,1.0155057251908395,1.3204382060938036,1.063573568066508,1.1846590909090906,0.8977642961465004,0.8706038487060385,0.9696828358208955,0.9402573529411765,1.0801776242753178,1.0155038759689923,1.0799803125384517,1.167471819645733,1.1485902971805946,1.1312220049208253,0.8840579710144928,1.1468926553672316,1.0172439204126749,0.9663285128426503,1.052702702702703,0.9023915461624026
1618,291,256,256,75.83193277310953,1.5593545908567035,1.8084444808117177,1.2635847526358475,1.4791390240306646,0.9259428050586761,1.2042419481539672,0.7789468090759339,1.1137784446111525,1.1310236220472438,1.0474972597734749,0.9846950788792088,1.1665705682619,0.7695516162669447,0.8573075023324735,0.9548924358084665,1.302615363549227,0.6886693608741207,1.03129513721714,1.2599999999999998,1.0,0.8573075023324734,1.1312220049208253,1.1486280487804876,0.9696704578594344,0.9024390243902438,1.0707964601769913,0.7977662544874352,1.3849350649350654,0.9663285128426506
2348,48,256,256,52.59374999999987,1.9285714285714286,1.8987987209402817,1.557598039215686,1.1143790849673205,1.0,0.9259512417407156,0.7012987012987013,0.9847274436090224,0.9846135637353532,1.0155057251908397,1.1313131313131315,1.2421984163949698,1.0155428024868485,0.8841354723707665,1.1851851851851853,1.0155149779209929,0.7936507936507938,1.0969365562667,1.3611361900131955,0.9696828358208954,0.9398148148148148,1.0312781954887222,0.9259005927952575,0.8978446340368208,1.4585374543511178,0.8721049395367904,0.760384,0.9500000000000001,1.2285714285714286
2339,219,256,256,31.46248715313462,1.6958637469586373,1.64863179231309,1.8239122987324432,1.3210537147561225,0.8700000000000001,1.1845161290322581,1.1137357830271215,0.9402985074626867,0.7695516162669448,0.8185332331150006,1.0155558214670335,1.4738990959463403,0.9257736667808608,0.9259005927952577,0.7232360097323599,1.015531660692951,1.0312650312650313,1.0312650312650313,0.8839285714285714,0.8060218491873169,0.8841031927341616,1.166442609307983,0.8705035971223022,0.9847310312426591,0.8570458865055662,1.0349462365591398,0.8143961927424151,1.1664295874822188,1.0173128144421426
1108,344,256,256,53.409448818897516,1.7064652761128425,2.2866479925303445,1.5020796197266786,1.0313158687142425,1.3615127919911012,1.2608695652173914,1.1140350877192982,0.9548924358084666,0.9257142857142857,1.2408522464103748,1.047238372093023,1.189153439153439,1.0,0.8841548315232524,1.148590297180594,1.4484369385555158,1.1488549618320612,0.7223917022574743,0.8978675645342311,0.9696704578594344,0.9117297572568323,1.4536532170119956,0.9847310312426594,0.8841548315232524,0.9178255372945638,1.0905012376237622,1.0528455284552845,1.186915887850467,0.966388968687159
392,34,256,256,86.99483204134397,2.019335293593513,2.388888888888889,1.5559373806796484,1.428612385321101,1.2598960415833669,1.382513661202186,0.8840579710144928,0.9402813666379556,0.9401438848920867,1.0,1.015503875968992,1.1851851851851853,0.8185721953837894,0.9258667883211676,1.0,1.1311475409836065,1.1848739495798317,0.8185721953837894,1.319650297110853,1.015503875968992,0.8839997769226479,1.0639488409272584,1.0636669727578816,1.1310483870967742,1.1866028708133969,1.017279574656624,1.017249004865104,1.1466050591275745,1.0
1443,459,256,256,45.08695652173903,1.389777270131353,1.6547572204296843,1.4990771502399407,1.448662640207075,0.8180447889750214,1.0473991249392318,0.8442096088898574,0.9695853073638652,1.1310236220472445,1.0155707270331777,0.8978446340368208,0.8841031927341616,1.0799803125384517,1.1498271225509027,0.8180447889750214,0.9402573529411762,0.7228144989339021,1.031437035245753,0.8436132983377078,0.712157809983897,0.8706324635117204,0.969698735504924,1.1665705682619,1.1858349577647824,0.9495327102803734,0.9500000000000003,0.8427736343479139,1.249385145105755,1.0172413793103448
110,103,256,256,66.00000000000023,1.524271844660194,1.900794321446679,1.2747639847823018,1.0,1.1845399406375017,0.9847328244274809,1.1312220049208253,0.9696969696969698,1.0472727272727278,0.9847274436090224,1.1311475409836065,0.9846680033022762,0.7108336282291087,1.0312781954887216,1.079980312538452,0.9259428050586761,1.1846590909090906,1.0634920634920633,0.9847310312426594,1.320723684210526,1.047244094488189,1.0155558214670335,0.7676863239777143,0.9401438848920862,0.9338282078472958,0.8721049395367904,1.070909090909091,1.0526473676316186,0.8870344827586206
1756,142,256,256,85.66666666666697,1.7853061224489795,1.437710437710438,1.1500577145055793,0.9696704578594344,1.320197044334975,1.0155428024868487,0.8972448057813911,0.8310865681338316,1.166442609307983,1.1487603305785123,1.2406611570247932,0.9116847826086956,0.9547826086956525,1.3623440875200334,1.0476889214966982,1.166442609307983,0.925390266299357,0.8975571315996848,1.0799704724409447,1.1138211382113823,0.9696350364963502,0.8705609027547296,0.9258244893301381,0.8702450926028611,1.25,1.0529092553512212,0.786815904210321,1.0,0.9336028942328154
392,70,256,256,75.83193277310953,1.2485489928303177,1.1150442477876108,1.6689536878216125,1.0476190476190481,0.9258667883211675,1.0156062424969987,1.0969365562667,1.0637919401337175,1.0474452554744522,1.2219012605042017,0.8305729025251153,0.7122736418511066,0.8969772444243179,0.7122736418511066,0.9696350364963505,0.925714285714286,0.8706324635117207,0.9548140424052829,0.7815470251535996,1.4258652613587806,0.7573243453461239,0.7346938775510206,0.8424242424242425,0.8704318936877078,0.8284,0.7473323170731706,1.0529092553512212,1.017266824085006,1.1880424300867887
501,342,256,256,148.1900826446286,2.1188427028016843,2.143695014662756,1.1140350877192982,1.1318458417849901,1.0,1.0472555434387494,0.7576636288318143,0.8573309920983319,0.8440567066521267,1.2406611570247936,1.1137357830271213,1.148590297180594,0.8978790259230166,1.2413793103448276,1.1674718196457323,1.0155057251908395,0.9259005927952575,0.6899841017488075,0.781512605042017,1.0801776242753176,0.9258244893301382,1.0472956585010913,0.9259512417407156,1.4260473069250497,1.0,0.9830483917705013,1.1287128712871288,0.7735191637630662,1.03515625
430,420,256,256,80.55223880597045,1.8378561736770693,1.2261474642044699,1.1174496644295302,1.2599306851506262,1.0473588342440803,1.1140350877192982,1.2037617554858935,1.0155057251908395,1.148684712161647,0.9115646258503401,0.9259428050586763,1.0803262481463178,0.7004908344185116,0.8835125448028672,0.954656435298221,1.0,1.320197044334975,0.8182991076228361,1.1138781128769866,1.0636163445069735,1.0473243538405537,1.2408522464103753,0.9247859291830598,0.9400921658986173,0.841720779220779,0.9180672268907566,1.2945125020976673,0.9339029729538876,0.885758125261543
818,248,256,256,64.99224806201573,1.6862901935690287,1.7250061510702859,1.3409247757073843,1.0800689825080072,1.221697494424767,0.9117297572568324,1.518004722550177,1.166923472008218,1.1141352063213346,1.047238372093023,1.063573568066508,1.031315868714243,1.221697494424767,0.8311688311688314,1.079980312538452,1.0,1.1487603305785123,1.166923472008218,0.9548767788962168,1.0312481221080463,1.3000271517784419,1.0155428024868487,1.0634920634920635,0.9118046132971509,1.0,0.9499358151476249,1.293478260869565,1.1477622543215722,1.1870802686280784
1380,403,256,256,80.55223880597045,1.3439153439153442,1.329577464788733,1.1855937702790398,1.2031249999999998,1.4536532170119956,0.8841354723707668,0.8978102189781021,0.9547038327526134,1.0487317256028987,0.7693351424694709,1.0969365562667,0.9546036549877781,0.8978790259230167,1.166495901639344,1.0635114503816796,1.063538611925709,0.8978102189781021,1.0473243538405534,0.7330458442425174,1.0636163445069735,0.8841548315232528,0.6798975672215111,1.0,1.0312499999999998,1.0526236881559219,1.0892584681110773,0.8719211822660099,0.933432899509281,0.7988095238095241
2151,375,256,256,36.85131894484408,1.8167989417989416,1.4791390240306646,1.3823529411764703,1.1674718196457323,1.015522388059702,1.080415687244835,1.0,0.8978102189781021,0.9117896522476674,0.76957564383276,1.2407407407407405,0.9548872180451129,1.1666666666666665,0.9117896522476674,1.131545661522894,1.185017466683918,1.0,0.8313057583130575,0.8573388203017831,1.0639488409272586,0.9696545284780581,0.9403087872352639,1.5176991150442476,0.9117896522476674,0.8143471074380164,1.0352941176470587,0.8864864864864863,1.2949579831932774,1.298723404255319
41,352,256,256,34.51235230934478,1.669887278582931,1.7368421052631577,1.203761755485894,0.9543378995433791,1.1851851851851858,0.7233201581027666,1.1851851851851858,0.9401886358408096,0.8977642961465003,1.2229257353911094,1.0155707270331777,1.0312499999999998,0.9402573529411765,0.9543378995433791,1.063538611925709,0.8973607038123166,1.0312650312650313,0.7937162805458584,1.015503875968992,0.9847274436090224,0.8840579710144928,0.9402985074626866,0.8839285714285714,1.0639488409272584,0.8720612356478951,0.6511211832061067,0.9830508474576272,1.483818770226537,1.0172413793103448
98,280,256,256,56.57971014492774,1.9555555555555562,1.900794321446679,1.1848739495798317,1.361136190013195,0.6386812344259152,0.911489361702128,1.448147084171215,0.7574626865671643,0.9112021857923495,0.8185721953837898,1.2799650043744533,1.166495901639344,1.1487603305785123,1.1139494114700728,0.7925090444775483,0.7935852651635442,0.9693973634651603,0.9548767788962168,0.9112021857923495,0.9116847826086956,1.097323600973236,1.2216393442622953,0.8978102189781021,0.9401438848920867,0.8560492139439508,0.8002888655462184,1.1669573489773268,0.9830139372822301,0.6399786969643174
2488,8,256,256,54.23809523809511,2.04688618468146,1.4770992366412212,1.5657262905162066,1.222047037183024,1.09672619047619,0.8570564626972348,0.8312783906554186,0.9259005927952577,0.9847310312426594,1.0472555434387496,1.2799650043744535,1.2611490558457212,0.8966613672496028,1.096744186046512,1.0634765624999996,0.8975571315996848,0.9258244893301381,0.9847310312426591,1.063538611925709,1.0472555434387496,1.047244094488189,0.897844634036821,1.2995391705069128,1.015503875968992,0.9022556390977443,0.8141996956262821,0.7869268292682926,0.8720612356478951,1.0526236881559219
1205,62,256,256,26.585106382978726,1.6063432835820899,1.7510230281633632,1.429227677289693,1.2039882314481858,0.9116297513170566,0.9548402037980545,1.3210537147561225,0.8438694180587403,0.9113082039911308,0.8975571315996848,0.8841612831365563,1.1487603305785123,0.8977642961465003,0.8978790259230166,1.2059270015180519,0.8442265795206971,0.9548767788962166,1.0,0.8973607038123166,0.8058977230309818,0.9847220589963569,1.1139494114700728,1.1850174666839173,1.1670843776106938,0.9499000856408794,1.2070796460176993,1.070909090909091,1.4348672566371683,0.9015151515151514
2412,323,256,256,41.05050505050501,1.357504704009263,1.836633663366337,1.3409247757073843,0.8060631893015076,1.0,0.7204301075268817,1.047688921496699,1.031368763950051,0.910958904109589,0.8058045241143833,1.1861009890681937,0.8839285714285714,1.1845399406375017,0.9696350364963505,0.954861111111111,0.925773666780861,1.047688921496699,1.031368763950051,1.0637254901960786,0.897706834532374,1.150057714505579,0.91156462585034,0.8841612831365563,1.0637919401337175,0.872,0.9663503019844695,0.9020647321428571,1.315151515151515,1.337920489296636
1347,18,256,256,37.42512077294681,1.9694762400277488,1.8780817291455583,1.2418926103136632,1.1143790849673205,0.8178879310344825,0.7565163102856252,0.8311688311688314,0.9547826086956521,1.0,1.0,0.9256463051933193,1.1485714285714288,1.0,1.1496163682864449,1.3002717391304346,0.6385426653883031,0.8059701492537314,1.0312781954887216,1.0472383720930232,0.8705609027547296,1.4267770482443616,1.3409247757073843,1.015509424958244,0.9847058823529413,1.338783852835973,0.7326562995874324,0.8571428571428572,0.8005245901639343,1.0347800237812128
2014,467,256,256,64.99224806201573,1.83801652892562,1.4465352449223416,1.2998236331569668,1.5653021442495128,1.0967741935483872,0.910958904109589,1.166495901639344,1.1845875822899186,1.0155707270331777,0.9696916710380602,1.1312220049208253,1.1672671127123007,0.883746926000447,1.2035623409669214,1.0155038759689923,1.1847545219638242,1.0799704724409447,1.015509424958244,1.1487603305785123,0.8308668076109935,0.8060218491873169,1.4708780063749636,0.9118046132971509,1.3200000000000005,0.7727272727272727,1.0896277003217407,1.186558239655585,1.1271541686073587,1.1466509988249118
1440,20,256,256,34.548387096774185,1.6468699839486358,2.2217107786728043,1.3452131376659675,0.8059701492537316,1.0315687226809136,0.8033814076594824,0.8438694180587398,1.166410650281618,0.9400334428876207,1.1310483870967738,0.7695516162669448,1.1313131313131315,0.7007007007007006,0.8312783906554188,0.7934978290797419,1.1487603305785123,1.0,1.079980312538452,0.8183967332903506,1.0800295493720757,0.8440567066521267,1.1313131313131315,0.984714873603762,1.015522388059702,0.8283313325330133,1.0898617511520736,0.9499000856408791,0.8866279069767441,1.293773016404419
1509,403,256,256,72.39344262295107,1.2998236331569668,1.621563471192924,1.389777270131353,0.8570564626972348,1.0472956585010913,1.3037383177570092,1.0970149253731343,0.9847310312426591,1.2600000000000002,1.0636163445069733,1.166410650281618,0.8838443066957057,1.0,0.9256463051933199,1.0155428024868485,1.0972083748753734,0.8839285714285714,0.8839997769226479,1.1150442477876108,1.0636163445069733,0.883746926000447,0.8975571315996848,0.9696545284780576,0.8183967332903506,0.7867187500000001,1.1466509988249118,0.8283313325330133,0.8572783952290595,0.6625202812330988
206,495,256,256,141.4838709677424,1.4545454545454546,1.7412838057999356,1.6248062015503877,0.9258244893301382,1.2407407407407405,1.0640394088669953,0.897706834532374,1.1137784446111525,0.969698735504924,1.0,0.96969696969697,0.8311688311688314,0.9117297572568323,1.0312556350303541,1.2031249999999996,0.9400921658986178,0.8572134658685266,1.1310483870967738,1.0472555434387494,1.0,1.0312499999999998,0.9548924358084666,0.9696916710380602,1.1845875822899186,1.1467084639498433,0.7346938775510206,1.1880424300867887,1.0526315789473684,0.857220338983051
834,499,256,256,56.82582582582575,1.1328988563031117,2.002805049088359,1.3641711604454096,1.2408522464103748,1.0155149779209929,0.9845422116527944,0.8573075023324734,0.9548767788962168,0.8573075023324735,1.1867084475780127,0.7461198478774799,0.8698553948832033,0.8841031927341616,0.9696704578594344,0.9115646258503401,0.9693486590038316,1.0637919401337175,0.9847220589963569,1.0,1.2429095762429097,1.0641381436941106,1.0635386119257086,0.9117896522476676,0.9548402037980549,0.9663285128426503,0.9015151515151514,0.8002888655462184,0.918032786885246,0.8871745419479267
885,413,256,256,61.37288135593207,1.6725406191900414,1.5442990654205606,0.9114039073148572,1.0312781954887222,1.279663865546219,1.0481303221029248,1.031368763950051,0.9695550351288057,0.8705035971223022,1.4938632378725896,0.897706834532374,1.0967441860465115,0.9399676749018704,1.0472956585010917,1.2601040416166465,0.5816861266893445,1.0474452554744522,0.9547038327526135,1.0,1.3403610307289517,1.0475551761980244,1.0312781954887216,0.8438694180587403,1.0312781954887222,0.9829818181818181,0.9174311926605503,0.950007121492665,0.9338609383832672,1.0
1415,31,256,256,32.95378151260502,1.4432913269088217,1.3445389873064586,1.9542505974735407,1.096816235337926,1.3204382060938036,0.9403087872352639,1.0799704724409447,0.6480881713153186,0.8841548315232524,0.8978446340368208,0.9694835680751175,0.8573309920983322,1.185377236193933,0.9548924358084665,1.0967201934403867,0.9696916710380604,0.954861111111111,0.8040165832121896,0.9259259259259257,0.9548402037980545,0.7460676467564512,0.9402985074626867,1.0974512743628186,0.8440567066521265,1.1666666666666665,1.1083333333333334,1.1081081081081081,0.6178477690288714,0.9663793103448276
41,14,256,256,69.12000000000023,1.6046042942407568,1.936856554564172,1.2801724137931034,0.9846950788792085,1.131545661522894,0.9846517119244392,0.7690700104493209,1.1878119254005783,1.166495901639344,1.0155223880597015,1.1670843776106938,0.9696119682094435,0.9258667883211676,0.9256463051933193,1.2622025010084712,0.8839285714285714,0.6798029556650247,0.8975571315996848,0.9116847826086956,0.8841548315232524,0.9118095991859348,1.148590297180594,1.0634765624999996,1.0,1.0,0.9496846330275228,0.9011546043368067,0.8142857142857145,1.2280701754385963
544,204,256,256,55.9354838709676,2.613756613756614,1.6468699839486358,1.0,0.9117896522476674,1.1486847121616468,1.8050847457627113,0.9258667883211676,1.0634920634920635,1.047244094488189,0.9117647058823528,1.3233830845771144,0.9547038327526135,0.7935852651635442,1.185834957764782,0.8977642961465003,1.2464788732394363,0.954861111111111,0.9115646258503401,1.3000271517784419,0.9402573529411762,1.4513888888888884,0.8839285714285714,1.0156268782305564,1.0802469135802464,1.1080332409972296,1.2529098769537743,1.108066502463054,1.0,1.0
172,157,256,256,45.02116402116396,1.6473700591347644,1.264120276310443,1.5429999254120987,1.2406611570247936,0.8978675645342316,1.221697494424767,0.9544817927170864,0.9401886358408096,1.0472555434387494,0.9548140424052831,1.202966432474629,1.0968703427719821,0.9547038327526134,0.969521130062716,0.7933884297520662,1.0634920634920635,0.8700000000000001,0.712157809983897,0.8310865681338313,1.1485714285714288,0.7693351424694709,1.1138781128769866,0.9846824555202075,1.0,0.9830139372822297,1.0,0.7602459016393442,0.9180327868852458,1.0
1717,434,256,256,36.85131894484408,1.2421984163949698,2.16559260297002,1.18705035971223,1.2413793103448278,1.3204382060938036,1.2827047230716955,1.50579872802095,1.1311475409836065,0.7233201581027666,1.015587529976019,0.8312327581543788,1.2416196481911717,0.9401438848920867,1.0634920634920633,1.2226613965744404,1.0473588342440798,1.0155316606929508,0.9696969696969698,1.047846889952153,1.0639488409272586,1.0634804370383935,1.1310896829898531,0.8312327581543788,1.1666666666666665,1.1284705882352941,0.933884297520661,1.0172439204126749,1.0,0.6740157480314961
390,299,256,256,150.5000000000005,1.3653994800084324,1.7773109243697478,1.389777270131353,1.1310483870967738,0.8975571315996848,0.8279569892473121,1.4258652613587806,0.9696350364963502,1.0637919401337175,1.0314009661835748,0.9548872180451129,1.7773109243697478,0.8841354723707665,1.2029136316337148,0.7935852651635442,0.6468590831918507,1.2408522464103753,0.9114893617021275,0.8442096088898572,1.1313131313131315,1.0,1.0637919401337177,1.0972083748753734,1.03129513721714,1.0,0.605051798393668,1.1870802686280781,1.1865582396555847,0.933898305084746
1923,502,256,256,61.11278195488744,1.8600508905852418,2.0241596638655466,1.5429999254120987,1.064360418342719,1.0156739811912225,1.0799704724409447,1.0313404050144646,0.7815584961142618,1.015587529976019,0.9548872180451129,0.9117896522476676,1.097105508870215,0.7815470251535996,1.150057714505579,0.8973607038123166,1.1845875822899186,1.0313404050144646,0.76957564383276,0.8705035971223022,0.9259512417407156,0.8705609027547295,1.4258652613587806,1.1138211382113823,1.0979099981171152,1.0,0.9499643620812546,0.9829991281604186,1.0,0.9663285128426506
1498,314,256,256,40.42355889724306,1.8036758563074355,1.6248062015503877,1.6989247311827949,1.382406499509735,0.984732824427481,1.279795534032822,1.2035623409669214,1.031368763950051,1.0634920634920635,1.0,1.063573568066508,1.0,0.8973607038123165,0.9695853073638652,1.0155038759689923,1.3198469108802628,1.031255635030354,0.8185916702447403,1.0472555434387496,1.063573568066508,1.0312781954887222,0.9117896522476676,1.03129513721714,1.031437035245753,1.0172413793103448,1.2491808650065532,1.0711192158650558,0.7471074380165288,0.918032786885246
1159,232,256,256,34.51235230934478,1.7580174927113703,1.5962846877150063,1.185834957764782,1.0800295493720757,1.0637919401337175,1.0799704724409447,1.3198469108802617,1.0155558214670335,1.0635114503816796,0.8706324635117207,1.166410650281618,0.9116297513170566,1.0802469135802464,0.9846950788792085,1.1310896829898534,0.9847220589963569,1.1845161290322581,0.8978102189781021,1.321848566123375,1.0312781954887222,1.0,0.8702450926028611,0.8442265795206971,1.0472956585010913,1.0,1.108041554444017,1.2279035792549307,0.9830361026533272,0.8002888655462186
1571,265,256,256,33.98507462686566,1.5942857142857139,1.5991735537190077,1.3200000000000003,1.1311475409836065,1.3037383177570092,1.3403610307289517,1.2421984163949698,0.8693321420594148,1.2031249999999996,0.9548767788962168,0.8836363636363634,1.047846889952153,1.383157894736842,1.0634920634920633,0.8573309920983319,1.279795534032822,0.9259512417407156,0.829991281604185,1.1313131313131315,0.9259428050586763,0.8573388203017831,0.7812713602187285,0.8060218491873167,0.925925925925926,0.9338282078472957,1.0173564753004007,0.7731092436974791,0.7338724963669679,1.2927439532944118
1506,329,256,256,71.28455284552872,1.6222016365601355,1.4323308270676691,1.6923558897243107,0.9402573529411762,1.166442609307983,1.2601040416166465,1.475354687728536,1.1845399406375017,0.954656435298221,1.0473243538405534,1.0,0.9548872180451129,1.2229257353911094,0.9259005927952575,1.2598960415833667,1.2219012605042017,0.8704318936877077,1.0155149779209929,0.9695550351288057,1.1138211382113823,0.9696704578594344,0.8312327581543788,1.3412073490813647,0.8841354723707665,0.8427736343479135,0.8427736343479139,0.8869565217391305,1.2934782608695654,1.1081081081081081
132,357,256,256,36.18595041322313,1.5593545908567035,1.2256341789052072,1.4974611818382515,0.9544817927170864,1.0,0.8567019400352733,0.8978675645342311,1.031368763950051,1.0,1.1665705682619,0.9846950788792088,1.0640394088669953,1.047244094488189,0.8180447889750214,0.8573309920983322,1.0967261904761902,0.9402813666379556,1.299417423113399,1.1848739495798322,1.2406611570247936,1.031368763950051,0.9846517119244392,1.0799704724409447,0.9112021857923495,1.1875000000000004,0.9180672268907566,0.8871900826446281,1.127173913043478,1.24954881050041
1365,155,256,256,69.12000000000023,1.6278236485433868,1.8989711587114184,1.836633663366337,1.5898366606170597,1.1316872427983542,1.0155223880597015,1.0,1.047846889952153,1.0638663718987962,0.9847058823529413,0.8705609027547295,1.1139494114700728,1.015587529976019,1.185377236193933,0.7812713602187285,1.0473588342440798,1.3196721311475408,0.8308668076109934,0.9116847826086956,0.9696350364963502,1.096816235337926,0.8830606622814415,0.9545454545454544,1.0156739811912225,1.0174107142857143,1.186558239655585,0.8564612868047982,0.7342754400353291,0.8426890756302521
67,343,256,256,56.57971014492774,1.6394795303078389,1.2261474642044699,1.015509424958244,1.3824064995097354,1.1848739495798322,0.9108214714457213,1.0,1.2216393442622953,0.9116297513170566,0.8705609027547296,0.9258667883211675,1.0,1.0,1.0972083748753743,1.015606242496999,0.8826913315661837,1.0313404050144646,1.2794947594732597,0.8185332331150006,0.8840579710144928,0.9696350364963505,0.8058977230309818,0.8838443066957055,0.9693973634651603,0.8864864864864865,1.1084421101413457,1.0,1.0709682311016755,0.933884297520661
825,419,256,256,38.007299270072934,2.0827573985468724,1.4113628191298089,1.1489686783804431,1.1498271225509027,1.3196721311475408,0.9696704578594344,0.818181818181818,0.8573075023324735,1.3005575955392357,1.096816235337926,1.4264726857794896,1.1494252873563218,0.96969696969697,0.940226449795965,0.9545454545454544,0.9402264497959651,0.9398948159278735,1.2421984163949698,1.3831578947368424,0.9258667883211675,1.2418926103136632,1.0155316606929508,1.0800689825080072,1.0155558214670335,0.7699868938401049,1.2927927927927927,1.053149606299213,0.9180672268907566,1.1480075901328273
1479,304,256,256,39.80597014925369,2.012120675926745,1.677083333333333,1.6419753086419755,1.0472555434387496,0.9846135637353532,1.0634804370383935,1.063573568066508,0.9255696782319935,1.1311475409836065,1.0,1.0,1.1486280487804879,1.0474452554744524,0.8175143073102257,1.1848739495798322,1.063573568066508,0.9846824555202075,0.9113082039911309,0.8840579710144928,0.8573309920983322,0.8177111422715996,0.9696828358208954,1.1313131313131315,0.9847148736037625,0.9491378061150558,0.950007121492665,1.1664295874822188,1.6800348735832606,0.9830434782608696
581,174,256,256,64.99224806201573,1.7956989247311832,1.8084444808117177,1.1334445371142619,1.719140192824403,1.0967261904761902,0.8978675645342316,1.1486847121616468,0.9847274436090224,0.7460676467564512,1.1665705682619,0.9548872180451128,0.9398948159278737,0.6694214876033056,1.167698658410733,1.079980312538452,0.9403122130394861,1.0,0.96969696969697,1.0475551761980249,1.1486847121616468,0.984732824427481,1.0801776242753176,1.1334445371142619,0.7455968688845401,0.917652027027027,0.9179523141654978,1.017279574656624,1.108066502463054,0.8427419354838711
2064,146,256,256,52.59374999999987,1.387288977159881,1.595238095238095,1.4043831742665256,0.9109589041095889,0.9259259259259257,1.1148554840338256,1.0473588342440803,0.8572683355292052,0.9541715628672152,1.1137500000000002,1.0312781954887222,1.079980312538452,1.3204382060938036,0.7689009724981701,0.711766187956664,0.7815470251535998,1.0801183286084062,0.9401886358408096,1.1146817895400127,0.897706834532374,0.9259512417407156,1.0472555434387496,0.6096645554773634,0.9109589041095889,0.857220338983051,0.8573170731707318,1.071119215865056,0.7474285714285714,0.6857718366599521
1943,97,256,256,80.55223880597045,1.3073286052009456,1.3043657898361107,1.4951292756170804,1.0,1.1313131313131315,0.8060528559249787,1.2795698924731183,1.0971055088702142,1.1328988563031115,1.0970149253731345,1.0641381436941106,1.0474452554744522,0.9113082039911309,1.0155428024868485,0.9548924358084666,1.0800295493720757,1.0637254901960786,0.8573388203017831,1.3016653016653017,0.9847220589963569,1.0641381436941106,0.8573075023324734,1.382674516400337,1.0473991249392318,1.0892584681110773,0.9179523141654978,1.0,0.8005245901639343,1.2725684333139196
894,81,256,256,37.32352941176471,1.8449999999999998,1.8640744433366565,1.3853211009174315,1.1315456615228943,0.830985915492958,0.9547458807147832,1.1328988563031117,1.0155558214670335,0.9113082039911308,1.131420989448411,1.2029268292682926,1.0638663718987966,0.8978102189781021,1.0972083748753743,0.8438694180587403,0.9257736667808608,0.8183967332903506,0.8560035445281347,1.0,1.131420989448411,0.9547826086956521,1.1142498430634027,1.3214285714285714,1.3403610307289517,0.8141996956262821,1.1088709677419357,0.9018181818181816,0.9496124031007751,1.0
1540,72,256,256,32.95378151260502,1.7521697203471547,1.7483210745123126,1.2795135389370424,1.166410650281618,0.911489361702128,0.8175143073102257,0.925569678231994,1.0,1.404183154324477,1.2599306851506262,1.2216393442622953,1.0972083748753743,1.2405975279264991,1.0472555434387496,0.9695211300627162,1.0312951372171404,0.9546036549877781,0.9259512417407156,1.2801724137931032,1.0800295493720757,0.9846680033022762,1.1142498430634027,1.1310896829898534,1.0472555434387496,1.0,1.0,0.94974946313529,0.887174541947927,1.325
2344,22,256,256,37.42512077294681,1.4990771502399407,1.5278195488721809,1.595238095238095,1.097105508870215,0.9548140424052831,1.0,1.382674516400337,1.0318003913894325,0.6903994046142397,0.8572683355292052,1.0,1.0155149779209929,1.1310153691106068,1.3823529411764706,1.0312650312650313,1.0,1.1138211382113823,0.7010298970102989,0.8305729025251153,0.8060528559249789,1.015503875968992,0.9403087872352639,0.9401886358408097,1.2032440883330078,1.108041554444017,0.9663018433179725,1.6204545454545454,0.8422649140546002,0.7596302003081664
1255,398,256,256,27.04377104377106,1.6462135922330092,1.1139494114700728,1.0974512743628189,1.0975914920237724,0.9403122130394861,1.2810241167330947,1.279663865546218,1.5901937046004844,1.3433416736169028,0.9403122130394861,1.0312781954887216,1.0968703427719824,0.9116847826086956,1.1320215804506506,0.7933884297520662,1.0,1.0,1.080415687244835,1.1874180865006552,0.8978675645342316,1.0155223880597015,1.0,0.8312783906554186,1.167471819645733,0.9499643620812546,1.1081081081081081,0.8422649140546006,1.2092682926829268,0.9655882352941177
1597,103,256,256,53.409448818897516,1.4123414071510951,1.6514760003132094,1.3031550068587106,0.9402573529411762,0.9258244893301382,1.063573568066508,1.3402203856749308,1.1664106502816176,0.7917111728263191,1.015509424958244,0.9548402037980545,0.9548767788962166,1.0,0.9847058823529413,1.0634804370383935,1.1486280487804876,0.8557878972766099,1.0472956585010913,0.7330458442425174,0.9402264497959651,0.9402573529411762,0.9847310312426591,0.9259259259259257,0.9402573529411762,0.9499000856408791,1.3382653061224492,1.249180865006553,1.108041554444017,0.6615236258437801
334,285,256,256,25.374999999999993,1.6199999999999997,1.188232196919837,1.221697494424767,0.9696545284780576,1.242537313432836,1.565217391304348,1.3439153439153442,1.0800295493720757,0.8562026436590898,0.8835125448028673,1.2406611570247932,0.8182991076228365,1.0969365562666997,0.7344771241830065,1.640394088669951,1.0974512743628186,1.0472956585010917,1.1845161290322581,0.910821471445721,1.404183154324477,1.0635114503816794,0.7346397223923252,1.063666972757882,1.13184584178499,1.0356381358513553,1.146788990825688,1.0349071380622064,1.2927927927927927,0.9174311926605503
2454,7,256,256,44.0519480519482,1.4123414071510951,2.3476874003189803,1.1664106502816176,0.8702450926028614,1.1682194616977226,1.1487603305785123,1.0800295493720757,1.131222004920825,1.2030324721806467,0.8678712591756069,1.0473991249392318,0.9403122130394861,1.03129513721714,0.9399676749018704,0.9696119682094438,1.1311475409836065,0.9547458807147828,0.9403087872352637,1.047399124939232,0.7433766233766235,1.080326248146317,0.9259512417407156,0.9547458807147828,0.8058045241143836,0.9020647321428571,0.9830483917705013,1.070909090909091,0.9830262585231394,1.1272727272727272
669,360,256,256,41.05050505050501,1.759801931974998,1.9319811155796465,1.5278195488721809,1.047244094488189,1.1310896829898531,0.9259512417407156,0.8310865681338313,1.2411714039621018,0.8441247002398083,0.897706834532374,0.767979002624672,1.387288977159881,0.8841548315232528,1.047244094488189,1.384778012684989,1.1670843776106938,0.9548924358084665,1.1492537313432838,0.9695853073638652,1.09672619047619,1.1485902971805946,0.8312327581543788,1.0969365562667,1.0312499999999998,1.034803301851714,1.0893266147503438,0.9500000000000001,1.337977909940527,0.9179983179142136
1375,347,256,256,73.52066115702505,1.4500978473581216,1.660527151476659,1.7214206437291901,1.4299065420560748,1.3613369467028007,1.0,0.9696119682094435,1.0972083748753734,0.9117647058823531,1.1139494114700728,0.8052226027397259,0.9259428050586763,1.131420989448411,1.1487603305785123,1.097323600973236,1.0312650312650313,0.8698553948832033,0.8978446340368208,0.8705035971223022,1.4712193707409018,1.6660456450861667,0.8706467661691545,1.2995391705069128,1.0312499999999998,1.2945125020976673,1.1082414617223038,1.4337157987643425,0.8871434477056634,0.9663793103448276
1612,419,256,256,32.036036036035995,2.0200729927007295,1.7807174160038957,1.4040404040404044,1.2611490558457212,1.2407407407407405,1.1314209894484109,0.8052226027397259,0.9846824555202075,0.8563853292090144,0.7226173541963016,1.0804156872448343,1.0,1.221697494424767,0.9402813666379558,1.1847545219638242,0.8312327581543788,0.8696959572335451,1.0155428024868487,1.0,0.6001863932898415,1.0155558214670335,1.1311475409836065,1.0,1.3005575955392357,1.146788990825688,1.0,0.9331046312178388,0.966350301984469,0.9830139372822297
2320,120,256,256,38.43764172335599,1.507202881152461,1.1185513288170923,1.4123414071510951,1.0,1.047238372093023,1.0472727272727274,0.9847274436090224,1.0635114503816796,1.1312220049208253,1.2998236331569668,0.6899841017488075,0.7673684210526317,0.8841354723707665,1.0312951372171404,0.9402813666379558,1.0,1.3002717391304346,1.0472555434387494,1.299417423113399,0.883746926000447,1.0313404050144646,0.7440944881889762,1.0,0.8706467661691545,1.0707964601769913,1.0526236881559219,0.9830508474576272,0.9830434782608696,0.9494454846608096
587,46,256,256,71.28455284552872,1.4113628191298089,1.389777270131353,1.6822519083969465,1.3198469108802628,1.081331331331331,0.9547826086956525,1.3636363636363635,0.8056904927133933,1.1666666666666665,1.0800689825080072,1.1142498430634018,0.9117647058823528,0.8705609027547295,1.0972083748753743,0.7344771241830066,0.8840579710144928,1.42806012884753,0.7345719973457197,1.0474452554744524,1.2994579945799458,0.7814552140793273,0.7695035460992906,1.031255635030354,1.279795534032822,1.017382261179617,0.872,1.3648964740535388,0.8567931456548343,1.0527898932170252
1270,506,256,256,59.499999999999865,1.5086913989013468,1.7756813417190778,1.4267770482443616,0.9256463051933199,0.9402573529411762,1.1310896829898531,1.7563636363636361,1.0155057251908397,0.9401886358408097,0.91156462585034,1.2994579945799458,1.0156494522691706,1.0967741935483868,0.8975571315996848,0.9548402037980545,0.8438694180587398,0.9847058823529413,0.9847274436090224,0.925773666780861,1.0,1.1138211382113823,1.1316872427983542,1.0,1.0474972597734749,0.9179983179142136,1.0892584681110773,1.3160827353313636,1.1273518892862697,0.9500071214926651
1351,27,256,256,37.2723214285714,1.2653061224489797,1.557598039215686,1.346715328467153,1.2608695652173914,0.9259259259259257,1.047244094488189,1.1489686783804431,1.0472555434387496,0.954656435298221,1.0634765624999996,0.9547038327526135,0.8978446340368208,0.7577263550240718,0.9117647058823531,1.0473588342440798,1.0,1.1851851851851858,0.9696545284780581,1.148684712161647,0.9696828358208954,0.91156462585034,1.0155428024868485,0.8185916702447403,0.8978102189781021,1.017249004865104,0.9499857509261899,1.0347903657448705,1.0173128144421426,1.1277093404023082
958,49,256,256,54.23809523809511,1.7015873015873018,1.8953168044077138,1.4938271604938276,0.7440944881889762,1.0,1.2031249999999996,1.2411714039621018,1.0,1.113778444611153,1.0472555434387496,1.0634920634920635,0.9259512417407156,1.1670843776106934,0.6996785857774206,0.984732824427481,1.0970149253731343,1.1310896829898531,1.0312650312650313,1.222047037183024,1.1310153691106068,1.0472555434387496,0.733824733824734,1.2222222222222223,0.7440944881889762,0.9830361026533275,0.8005507474429583,0.8137931034482757,1.1665612148054412,1.1865582396555847
1798,306,256,256,41.6870229007633,1.4513888888888888,1.6742102781706745,1.3641711604454096,1.1486847121616468,1.1141352063213346,0.8185332331150007,0.9401438848920867,1.115953109072375,1.2599306851506267,0.8572134658685265,1.0472383720930232,1.1485714285714288,0.8182991076228361,1.1486847121616468,1.0473243538405537,1.0801776242753178,0.9401438848920867,0.8307291666666663,1.1139494114700728,0.9847328244274809,1.0,1.0155149779209929,0.9117896522476676,1.047238372093023,1.0892857142857144,1.017249004865104,1.0349462365591398,0.9337345132743363,1.3382653061224492
1513,157,256,256,73.4285714285717,1.7956989247311832,1.8042328042328042,1.0473588342440798,1.5429999254120987,1.2408522464103748,1.1310236220472438,1.015522388059702,1.1137499999999996,0.9117896522476676,1.0,1.1138211382113823,1.2411714039621018,1.1674718196457323,1.031315868714243,0.8838443066957055,1.1494252873563218,0.9259428050586763,1.1664,1.0,0.781512605042017,1.1666666666666665,1.0,0.8841548315232524,1.1310896829898534,1.2288135593220342,0.9829818181818182,1.0172413793103448,1.0526315789473684,1.0347903657448705
357,255,256,256,67.02362204724433,1.462805013720982,1.6977662009629804,1.4182203699641738,1.0156739811912225,0.9847274436090224,0.7012390087929655,1.097323600973236,1.0799704724409447,0.8060528559249789,1.2799650043744535,0.9116297513170566,1.1310896829898534,0.669356810956224,0.9254843517138596,1.0155057251908397,0.9845679012345679,1.2411714039621018,1.0800689825080072,0.8312783906554186,0.7801617079744227,0.9401438848920867,1.031315868714243,0.7461198478774799,0.9254843517138596,1.0,0.8569293478260867,0.8001576665352778,0.9498571428571427,0.8143961927424151
1455,177,256,256,53.409448818897516,1.5854946420251586,1.7368421052631577,1.4323308270676691,1.2599999999999998,0.7346803408337159,1.4489531620979927,1.031437035245753,1.0157594859983028,1.4043831742665254,1.1310236220472445,0.8573075023324734,1.1487603305785123,1.0312781954887222,0.9401438848920862,0.9116297513170566,1.1310896829898534,1.031437035245753,0.8303979125896932,1.2795135389370424,0.9696704578594344,0.7460676467564509,1.0967741935483872,0.8976377952755906,0.9547826086956521,0.9021670963695912,1.1082414617223038,1.0,0.812899786780384,0.9500000000000003
1816,499,256,256,58.586776859504,1.3907256333190205,1.326884123768946,1.3612114476243398,1.0,1.185377236193933,1.4049557522123892,0.7815584961142618,1.202926829268293,0.9403087872352639,1.2599306851506267,0.8060631893015076,0.8705035971223022,1.0,1.0,1.1145230304555749,0.8432876712328766,0.8572683355292052,1.1486280487804876,0.8706324635117207,1.031437035245753,0.8573075023324734,0.883999776922648,1.0968703427719821,1.166410650281618,1.0530612244897959,0.9830434782608696,0.8005507474429583,1.166798669412324,1.0348447621174892
31,262,256,256,30.07894736842105,1.974564926372155,1.64863179231309,1.5010005187875193,0.8841354723707665,0.7929276839757885,1.0157289776164549,1.3823529411764703,0.9846335697399528,0.8839285714285714,1.1853772361939334,0.8573388203017831,1.047244094488189,0.897844634036821,0.81859167024474,1.0157594859983028,0.8053996257685111,1.0970149253731343,0.8838443066957057,0.9696828358208954,0.9696916710380604,1.0802469135802464,0.8838443066957055,0.8977642961465003,0.9696545284780576,1.0176870748299323,0.7599999999999999,1.3612349914236708,1.0529811320754718,1.034782608695652
918,29,256,256,43.042553191489276,1.6402462485571376,1.7253307827195916,1.3000271517784419,1.0989345509893458,1.1137499999999996,1.2029268292682926,1.319650297110853,0.9400921658986178,1.0638663718987962,0.9400334428876207,1.1320215804506506,1.063573568066508,0.8568360773085182,1.4046406338426713,1.0,1.0155223880597015,1.063666972757882,1.0476190476190481,1.0,1.0808759487370911,1.361739130434783,0.9548140424052829,1.0312556350303541,0.734205683909221,0.9499000856408791,0.9830361026533275,1.0172668240850058,0.949857142857143,1.0349462365591398
2260,224,256,256,62.0606060606063,1.7548387096774194,1.8681859921529342,1.3412073490813647,0.9400921658986178,1.0,1.047244094488189,1.166442609307983,1.1152482269503543,0.9846517119244392,1.1669234720082178,1.0472956585010913,1.2795135389370424,1.221784776902887,0.8571428571428572,1.0312650312650313,1.0967201934403867,1.1137357830271213,1.1682194616977226,0.7695516162669448,1.1489686783804431,1.2406134320465358,1.1312220049208253,0.9402264497959651,0.925714285714286,1.0526473676316184,1.034782608695652,0.8867533185840706,1.0,1.2492625368731565
830,275,256,256,44.39568345323731,1.8493885072876524,1.5528973950026583,1.2630868861305993,1.149101567478017,1.2219012605042017,0.8840579710144928,1.0155057251908397,0.940226449795965,1.166495901639344,1.0,0.9847220589963569,0.8978790259230166,0.793694456199746,1.2039882314481858,0.9397276151840047,1.0,1.09672619047619,0.8841031927341616,1.0,0.8441247002398083,0.8568360773085182,0.8978790259230166,0.9400921658986173,0.9403087872352639,1.2930372349307067,0.8572203389830508,1.0172413793103448,0.7735191637630663,0.7345433919455474
1289,132,256,256,33.49999999999999,1.8148453608247421,1.6190476190476186,1.6989247311827949,1.361336946702801,1.047238372093023,1.6462135922330092,1.0639488409272584,1.0801776242753176,1.081168831168831,1.0472555434387496,1.1845161290322581,1.0635386119257086,1.0635386119257086,1.1845399406375015,1.047238372093023,1.0312781954887216,1.2222222222222223,1.42604730692505,1.4271428571428575,1.0634920634920635,1.0635114503816794,0.8170599696904091,1.0967741935483868,1.0155428024868487,1.0347903657448705,0.917652027027027,1.315549936788875,1.5105454545454544,1.3405238828967643
1593,455,256,256,55.71223021582754,1.557598039215686,1.6755905511811027,1.569056603773585,1.1847545219638242,0.8553063609549777,1.1485714285714281,1.4074074074074077,0.9401886358408096,0.8442096088898574,0.9846680033022762,1.0473991249392318,1.2408522464103748,0.9257142857142857,0.8555555555555555,0.9244800743580804,0.8565517241379308,1.047244094488189,1.0155707270331777,0.8442096088898574,0.9846680033022762,1.0313404050144646,1.047244094488189,0.9696350364963502,1.0970149253731343,0.840371103076608,1.1865433673469388,1.3648964740535392,0.8426890756302521,0.966388968687159
805,1,256,256,50.999999999999886,1.5986645176145524,2.08141592920354,1.320723684210526,1.0972083748753743,1.031368763950051,1.0799704724409447,1.1491015674780172,1.0475551761980244,1.0313404050144646,0.9402985074626866,0.7809949986838641,0.9390494051456368,1.166495901639344,1.0314769975786926,0.8312327581543788,1.1137500000000002,1.2996610169491531,0.8441247002398083,1.0637254901960782,1.2222222222222225,1.0635114503816796,1.150057714505579,1.0312499999999998,1.185017466683918,1.6466552315608918,0.8283313325330134,1.2497536945812806,0.7869406867845994,0.8284686125549778
1343,404,256,256,66.34513274336268,1.642619911948714,1.3939393939393943,1.096744186046512,1.2029268292682926,1.1315456615228943,0.8840579710144928,1.131545661522894,1.063573568066508,0.9847058823529413,1.1324250334245878,1.063666972757882,0.8440567066521267,0.9847310312426591,1.0635114503816794,1.1315456615228943,1.1487603305785123,0.9847220589963569,0.7340289499258351,1.1143790849673205,1.614891669209643,1.047399124939232,1.1874180865006558,0.9117297572568323,1.0799999999999998,1.1082414617223035,0.8571428571428572,1.0893266147503438,0.8284686125549782,0.9337345132743363
1380,489,256,256,45.02116402116396,1.3647586980920319,1.81136568941447,1.0806251550483754,1.0312499999999998,1.0972083748753734,1.0155316606929508,0.793103448275862,1.4482758620689653,0.8310865681338313,0.8975571315996846,0.8572683355292053,1.096816235337926,0.8312327581543788,1.1311475409836065,0.9847058823529413,0.7694314032342199,0.8840579710144928,1.2224269544617006,1.0799803125384517,1.0,1.0,0.9547038327526134,0.897706834532374,0.925925925925926,1.0,0.8283313325330133,0.8412483039348712,1.2082524271844661,1.0892584681110773
1273,44,256,256,57.6885245901638,1.4732779962137763,2.0339342523860027,1.4049557522123892,1.222047037183024,0.8706324635117204,1.2032440883330078,1.0801776242753176,0.9847148736037625,0.9252873563218389,1.2598960415833669,0.9847148736037625,1.2795135389370424,0.9257142857142857,1.0799803125384517,0.7119258662369057,1.0803262481463178,1.1487603305785123,1.0472555434387496,0.7690700104493209,1.0473588342440803,0.9696545284780581,0.9695853073638652,1.0155316606929508,0.9259005927952577,0.9500071214926651,1.0531496062992125,1.1664295874822188,1.1866028708133969,0.9175475687103591
43,225,256,256,63.310344827586064,1.7266049185563717,1.5477528089887638,1.476190476190476,1.448147084171215,1.015509424958244,0.9847310312426591,1.166495901639344,0.8570564626972348,0.9546036549877781,1.3826745164003367,1.2406134320465358,0.7574626865671641,0.9117647058823531,1.3824064995097354,1.063538611925709,1.2032440883330073,0.8572683355292053,0.9546564352982212,1.1695357329160152,1.0806251550483752,1.0,0.8436132983377076,0.8055555555555556,1.2602428933671428,1.2085561497326203,1.1271739130434784,1.1671428571428577,0.9336028942328156,0.8566371681415929
1360,151,256,256,69.0092592592595,1.6500000000000001,1.2292147022921474,1.5193844332642794,1.1313131313131315,1.0634804370383935,1.131687242798354,1.0635386119257086,0.9847274436090224,0.9118095991859348,0.8055555555555554,0.9258667883211676,0.7689009724981701,1.0,0.910958904109589,1.1137357830271213,0.984714873603762,1.299539170506912,1.166495901639344,0.9403087872352639,0.7574626865671641,1.0,0.8177111422715996,1.2795698924731178,1.1140350877192982,1.1466509988249118,1.089381207028266,1.3613899613899618,0.9178255372945638,0.7732558139534886
1903,1,256,256,50.22137404580141,1.4887218045112782,1.7617187499999998,1.7001980198019804,0.9110857794243373,0.8183967332903503,1.3012540894220284,1.0312499999999998,1.0636163445069733,1.0472727272727274,0.9847328244274809,1.221784776902887,1.0155057251908397,1.2029268292682926,0.9110857794243373,0.8572683355292053,1.0,1.0312499999999998,1.0968703427719821,1.279663865546218,0.8182991076228361,1.2407407407407405,1.1486280487804879,1.1664,0.8565517241379312,0.8720612356478952,0.7211839959864544,0.950007121492665,1.337920489296636,0.9336734693877551
1381,210,256,256,58.64525993883783,2.1007025761124125,1.1901848650086446,1.448179271708684,1.0659940351545147,0.984514592019059,1.2256341789052072,1.5010005187875193,1.3000271517784419,0.8312783906554188,1.3853211009174309,1.0801183286084062,0.9251755496719234,1.2601040416166465,0.8817845978971298,1.0977443609022557,0.8184747583243825,1.096816235337926,1.3623440875200334,1.1310153691106068,1.0159021406727828,0.954656435298221,0.7229832572298327,1.097105508870215,0.9241363211951447,0.6854838709677419,1.0174107142857143,0.857220338983051,1.070796460176991,0.966386554621849
384,366,256,256,67.02362204724433,1.6294907841299597,1.776119402985075,1.2224269544617006,1.114523030455575,1.2406611570247932,0.8978102189781021,0.8841354723707668,0.8835125448028672,1.3196721311475408,1.1137357830271213,0.7454133168418885,0.793585265163544,0.8056904927133934,0.8573075023324734,1.0967441860465115,0.9258667883211675,1.0312650312650313,1.03129513721714,1.0155558214670335,1.1845875822899186,0.8706038487060386,1.1492537313432842,0.9403087872352637,0.7577263550240718,0.8284457478005864,0.8572783952290595,1.017249004865104,0.9830483917705013,1.186558239655585
633,330,256,256,95.41734417344209,1.3214285714285714,1.4990771502399407,1.7311586051743533,0.7815584961142618,0.925390266299357,1.471014492753623,1.031315868714243,1.2032440883330073,0.9398948159278735,1.2405975279264991,0.9402985074626866,1.0799803125384517,0.9696916710380604,0.9401886358408096,0.8436132983377076,1.0975914920237724,1.1138211382113823,1.2804179305695988,0.9694423223834985,1.0155428024868487,0.925925925925926,1.0,0.9403087872352639,1.0473588342440803,0.7724915737619912,1.0713142857142857,0.8866279069767441,1.1664822134387351,0.8566371681415929
1069,100,256,256,54.216374269005776,1.7368421052631577,1.4133844041338441,1.2031249999999998,0.8837469260004471,0.9548872180451129,0.9118046132971509,0.76957564383276,0.8978102189781021,0.8836363636363637,1.6401969836872883,1.0634920634920633,1.0474452554744522,1.0799704724409447,0.8837469260004471,1.0312556350303541,1.0312650312650313,1.1682194616977226,0.7695516162669447,1.0156739811912225,1.1858349577647824,1.1311475409836065,0.8841031927341616,1.2801724137931034,1.0315687226809136,1.0348214285714286,1.0,0.9337860780984718,0.9179523141654978,0.8867533185840708
512,285,256,256,49.38888888888882,1.4196009389671365,1.428612385321101,2.012636316427211,1.2795135389370424,1.2442297369833606,1.2059270015180514,1.1137357830271213,0.7695516162669448,0.8182991076228365,1.1488549618320612,1.1695357329160152,0.8437499999999998,1.4067989474432827,1.047399124939232,0.8705609027547296,1.5670025567754546,1.166442609307983,1.1140350877192982,0.7122736418511069,1.4482758620689657,0.8837469260004471,0.954861111111111,1.4067989474432827,1.0801776242753176,0.9179523141654978,1.1904296874999998,0.966388968687159,0.9179523141654978,0.966192299357076
1678,270,256,256,69.12000000000023,1.9219079780498098,1.372519521455692,1.6977662009629804,1.5986645176145524,1.2795135389370424,1.2413793103448276,1.1845875822899186,1.015503875968992,1.1845875822899186,1.1485714285714281,1.3204382060938036,0.8310865681338316,1.031315868714243,1.096744186046512,1.1138211382113823,1.0,0.9548402037980549,1.0312481221080463,0.8971170152628603,1.0967441860465115,1.167471819645733,0.7814552140793278,1.2795135389370424,1.1310896829898531,1.0709682311016757,1.0531496062992125,1.0347903657448707,0.949935815147625,1.207146306132303
350,359,256,256,69.0092592592595,2.1206896551724137,1.3685068386365242,0.9532710280373834,1.3037383177570092,1.2031249999999996,1.1665705682619,1.1314209894484109,1.2994579945799458,1.0,1.149425287356322,0.8436132983377076,1.031368763950051,0.765840220385675,0.9847058823529413,1.1313131313131315,1.1665705682619,0.8305729025251153,1.0,0.9403087872352639,1.320197044334975,0.925390266299357,0.7695516162669447,0.6564885496183208,0.9114039073148565,0.7345433919455474,1.0172668240850058,1.017249004865104,1.1084421101413457,0.785812356979405
1246,324,256,256,36.85131894484408,1.734819121447028,1.3239875389408096,1.1853772361939334,1.148684712161647,0.9847058823529413,0.9259428050586761,1.2425373134328361,0.7458847736625513,0.9548924358084665,0.8312327581543788,0.9548767788962166,1.0155316606929508,1.0155149779209929,1.0968703427719821,1.0635114503816794,1.0,1.0473243538405537,0.9398148148148145,1.0155057251908395,0.8572134658685266,1.260625501202887,1.0,1.1485902971805946,0.9846680033022762,1.1869158878504675,0.9830361026533275,1.017249004865104,1.0175123484508306,0.9339029729538876
1790,226,256,256,40.88290398126461,1.3977272727272723,1.460075204600752,1.5193844332642794,0.9400334428876207,1.0156062424969987,0.9546036549877781,1.5424739195230996,1.2224269544617006,1.0,1.1311475409836065,1.1334445371142619,1.0973236009732361,1.2029136316337148,0.8310865681338316,0.8059701492537314,0.925569678231994,0.7221374045801529,0.8572134658685265,1.0967441860465115,1.1311475409836065,0.8308668076109934,0.9117297572568324,1.0967741935483868,0.870345744680851,1.0711192158650558,0.7999999999999998,0.9166666666666671,1.1667986694123236,1.1865582396555847
1055,2,256,256,71.28455284552872,1.4791390240306646,1.7534411977783149,1.362723214285714,1.202966432474629,0.9547038327526135,0.9846824555202076,0.8704318936877078,0.9696704578594338,0.8059701492537316,1.2795135389370424,0.9847274436090224,1.166442609307983,0.897706834532374,1.1310153691106068,0.6904761904761906,0.8840579710144928,0.7936507936507938,0.9548611111111106,1.1855937702790398,0.9695853073638652,1.0312781954887222,0.9113082039911309,0.954861111111111,1.0,0.8871745419479267,0.9663285128426506,0.9176520270270269,0.9179983179142136,0.8284686125549778
789,200,256,256,51.79069767441848,2.0156249999999996,1.7437070938215107,1.268151815181518,0.9113082039911308,1.148854961832061,1.3000271517784414,0.9548767788962166,1.0802469135802464,1.1334445371142616,1.015503875968992,0.9258667883211676,1.0,0.9398148148148145,0.7812713602187285,1.131222004920825,1.2606255012028869,1.031255635030354,0.984714873603762,1.5193844332642792,1.015503875968992,1.320723684210526,0.7692147034252298,0.8436132983377076,0.9398948159278735,0.9500000000000003,1.4583333333333333,1.0526473676316184,1.0711192158650558,1.0177380230442692
1785,160,256,256,68.0634920634923,1.9420289855072466,1.4814814814814814,1.3703967519054068,0.9548402037980549,1.096816235337926,0.9403122130394861,1.0155428024868487,0.7936944561997463,0.7937162805458584,1.0634920634920635,1.0472555434387496,0.8060218491873167,0.8705035971223022,0.767979002624672,0.969698735504924,1.166495901639344,0.9113082039911309,0.8312327581543788,0.7937162805458584,0.9401886358408097,1.0472555434387496,0.734355044699872,0.9257736667808608,1.1137357830271213,0.9338842975206613,1.0347826086956522,0.9830139372822297,0.9662337662337663,0.9829396325459318
601,137,256,256,52.59374999999987,1.4791390240306646,1.2072814243954295,1.4999999999999998,1.3200000000000005,1.03129513721714,1.2411714039621018,0.9243129948765718,1.0801183286084062,0.969698735504924,1.1310483870967742,0.9118095991859348,1.448147084171215,1.0967741935483872,0.7345719973457197,0.9696545284780576,0.9693486590038314,0.7913992297817715,1.166495901639344,1.031255635030354,0.7927295918367346,0.9118095991859348,0.8438694180587403,1.0,0.6489028213166141,0.9498571428571427,1.0349462365591398,0.9654943596549433,1.1272727272727272,0.8142857142857146
956,316,256,256,42.33333333333328,1.2698215026982151,1.6473700591347644,1.6442845723421264,1.3005575955392357,1.015587529976019,1.3012540894220284,1.0472555434387494,0.7120563805688396,0.8308668076109935,0.8978102189781021,1.2229257353911094,0.9847148736037625,0.8185332331150006,1.096744186046512,0.8705035971223022,1.080029549372076,0.897844634036821,0.9110857794243373,0.8977642961465003,1.1138211382113823,1.0481303221029248,1.079980312538452,0.7577765126028674,1.0,1.071211199026172,1.0,0.8721311475409835,0.7345433919455471,0.8569293478260869
253,288,256,256,50.999999999999886,1.7266049185563717,1.2478213507625266,1.3641711604454096,1.3012540894220284,1.0312650312650313,0.96969696969697,1.1485714285714288,1.0,0.9696545284780576,1.0312499999999998,0.9400921658986173,0.7932569974554706,0.9117896522476676,0.8572134658685265,0.9847310312426594,1.0312650312650313,1.0634920634920635,0.9696969696969698,0.9117647058823528,1.0967741935483872,0.8563853292090144,0.8055555555555554,0.9259428050586761,0.8841031927341616,1.1081081081081081,0.9500000000000001,0.7864406779661017,0.9663865546218487,1.08962770032174
7,59,256,256,74.66666666666693,1.2598960415833667,1.8201193520886623,1.3000271517784419,1.047764849969382,0.7689009724981701,0.9694835680751175,1.2994174231133993,0.9847058823529413,0.8705609027547296,0.9400921658986178,1.031315868714243,1.0805152979066026,1.0634804370383935,0.830985915492958,0.9251755496719234,0.8974647887323949,0.93996767490187,1.0637254901960782,0.7815584961142618,1.080745341614907,1.2795135389370424,0.844175656532636,1.047244094488189,1.0,0.9173027989821881,1.1090485436893205,1.0527422990232909,1.0348447621174892,0.9023304347826085
1496,345,256,256,75.83193277310953,1.8395429706905115,1.64516129032258,1.1848739495798317,0.9847220589963569,1.2029268292682926,1.2598960415833667,0.7815470251535998,1.096744186046512,0.8698553948832036,1.2601040416166465,1.3612114476243398,1.2599306851506262,0.9402985074626866,1.0636163445069735,0.9696350364963502,0.9547038327526134,1.0639488409272586,0.9259005927952577,0.8053996257685111,1.1489686783804434,1.0636163445069733,0.9846950788792085,1.0634920634920633,1.0155149779209929,0.9663793103448276,1.1272727272727272,0.9338609383832672,0.9663793103448276,0.8715785140975508
797,346,256,256,42.98966408268728,2.1038843721770557,1.5442990654205606,1.2425373134328361,1.0969365562667,0.9117297572568323,1.1313131313131315,1.063573568066508,1.4062499999999996,1.0473243538405534,0.9402813666379558,1.0155428024868487,0.9401438848920862,1.0801776242753178,1.0312781954887222,1.015503875968992,1.1140350877192982,1.202926829268293,1.322314049586777,1.1138211382113823,1.113778444611153,0.9547038327526134,1.2216393442622948,0.7457539886773032,0.8978790259230166,0.9499000856408791,1.1867816091954022,1.147169811320755,0.9331046312178388,1.0
787,456,256,256,63.022900763359,1.9400352733686066,0.9396331553285348,1.7659574468085102,1.3641711604454096,0.8977642961465004,1.166923472008218,1.0800000000000003,1.0474972597734744,1.2433155080213905,0.969698735504924,0.8313057583130573,1.0989345509893458,1.0,1.0,0.844175656532636,1.0638663718987966,0.925925925925926,1.0638663718987962,0.75625,0.9696916710380602,1.2406611570247932,0.9543378995433792,0.8978102189781021,0.9403087872352637,0.8143839238498148,1.2928905206942587,1.249140049140049,0.8715785140975508,0.7083748753738783
992,455,256,256,47.15176151761512,1.8698561391769823,1.7075705096486888,1.42806012884753,1.0802469135802464,1.097105508870215,0.984732824427481,1.0156062424969987,0.9401886358408097,0.76957564383276,0.9846824555202075,0.8971170152628603,0.870345744680851,1.047244094488189,1.383157894736842,1.2601040416166465,1.3008849557522124,0.7346938775510206,1.0,0.9116297513170566,1.0,1.2994174231133993,0.9256463051933199,0.9548402037980549,1.0312781954887216,1.1084421101413457,1.207246376811594,1.1666666666666665,1.0,1.0349071380622064
2329,349,256,256,60.179104477612164,1.5490196078431369,1.8060700008158603,1.7956989247311832,1.0634804370383932,1.0,1.0802469135802464,0.8706467661691545,1.1670843776106934,1.1315456615228943,0.8841612831365563,1.3214285714285714,1.1489686783804434,1.0800000000000003,0.805399625768511,0.8706324635117207,0.9117896522476674,0.8442096088898574,1.0476190476190477,0.9693973634651603,0.9696828358208955,1.0,0.8826913315661837,1.0312499999999998,1.1138781128769866,1.017256637168142,0.9180557501050567,1.070823244552058,1.1872749099639857,1.1866773035500595
443,81,256,256,36.70321151716498,1.5580286168521469,2.1276768772024948,1.1853772361939334,1.080326248146317,0.9696545284780581,1.4951292756170804,1.1486847121616468,1.0636669727578816,0.9117297572568324,0.9402813666379558,0.8048048048048047,1.1489686783804434,0.9847274436090224,1.0473991249392318,1.0967261904761902,1.063573568066508,1.0,1.0313158687142425,0.9117297572568324,0.7335929094728214,0.8828828828828827,0.9397276151840047,0.9118095991859348,1.1143790849673205,1.1271739130434784,1.0172413793103448,1.1468926553672316,0.7603226425965045,0.9180327868852458
2346,267,256,256,103.09039548022636,1.6717820231756961,1.626959247648902,1.3012540894220284,1.1851851851851858,1.221784776902887,1.1310483870967738,1.2051686723219566,0.8978790259230166,1.1313131313131315,1.185017466683918,1.0,0.9398948159278735,1.0472555434387494,0.96969696969697,0.7455968688845402,1.0635386119257086,1.0474452554744522,1.0801183286084062,0.8976377952755906,0.8438694180587403,0.8698553948832033,0.9694423223834985,1.0155057251908395,1.0800689825080072,0.9500000000000003,1.146616541353383,1.0,0.8721398811556588,1.0
2047,154,256,256,41.6870229007633,2.018808777429467,1.8681859921529342,1.7030939314403881,0.8312783906554188,1.0,0.6688384852789889,1.1326530612244898,0.954861111111111,0.8572683355292052,1.080029549372076,1.149425287356322,1.2030324721806467,1.047244094488189,0.9118046132971509,1.015531660692951,0.7565163102856252,0.7122736418511066,0.8437499999999998,1.0636163445069733,1.0,1.1145230304555749,1.2030324721806467,0.9402264497959651,0.9402985074626867,1.207079646017699,0.7855459544383345,0.8284457478005867,1.0,1.227977591946091
2,121,256,256,38.007299270072934,1.5543710021321966,1.9420289855072466,1.8167989417989416,1.42806012884753,1.3612114476243402,0.896485041519736,1.1486280487804876,0.9846950788792085,1.015503875968992,0.8313057583130575,0.9402985074626867,0.9847148736037625,1.2998236331569668,1.0984848484848484,1.2033898305084747,0.79226589964845,0.9695853073638652,0.9259005927952575,0.8839997769226479,1.031368763950051,1.0636163445069735,1.0634920634920635,0.9847220589963569,1.3428174878556558,1.0174418604651163,1.0357388316151206,1.1664295874822188,1.186558239655585,1.089258468111077
1966,266,256,256,35.6311475409836,1.6234529702970297,1.6210510094005237,1.4727272727272722,1.3000271517784419,1.448147084171215,1.0,0.9845679012345679,0.9847148736037625,1.0473588342440798,1.148684712161647,1.015509424958244,0.883746926000447,1.0155223880597015,0.7323863928773608,1.0314769975786926,0.8573075023324734,0.7344771241830066,1.0636163445069735,0.984714873603762,1.382513661202186,0.9259512417407156,1.221697494424767,0.9547826086956521,0.9847220589963569,0.9174311926605503,1.3424586776859502,1.1920709184929816,1.1865582396555847,1.0
2389,100,256,256,35.04761904761904,1.7389962644144872,2.07168458781362,1.114523030455575,1.1691717092849248,1.2832244008714597,1.1310236220472445,1.1664106502816176,1.1142498430634027,0.8977642961465004,0.8569542253521124,0.969698735504924,0.9400921658986173,0.9117297572568324,0.8439716312056739,0.8841354723707665,1.0312556350303541,0.8835125448028672,1.1315456615228943,0.8977642961465004,0.954861111111111,0.9259428050586761,0.9547458807147828,0.9548140424052829,0.7577263550240722,0.828239690377686,0.8422649140546006,0.9498571428571427,1.0348733233979137,0.8572783952290595
1459,408,256,256,32.449426485922814,1.75181758096497,2.1698806244260793,1.1492537313432842,1.3439153439153442,0.9542575650950036,1.0804156872448343,0.954656435298221,0.8832247922748708,1.0805152979066026,0.9117297572568324,1.080326248146317,0.9546036549877778,0.9259428050586763,1.0312781954887222,1.2606255012028869,1.1320215804506504,1.448662640207075,0.8177111422715996,0.9547826086956525,1.2837847056415852,0.9402573529411762,0.9398948159278737,0.9847220589963569,1.149101567478017,1.0174418604651163,0.9177446569178855,1.034821428571429,0.7998157409844695,0.9499358151476249
1210,468,256,256,48.699248120300645,2.3086419753086425,1.782113821138212,1.52,1.080246913580247,1.1141352063213346,1.1846590909090906,1.0801183286084062,1.0312481221080463,1.0155223880597015,1.4507693419056567,0.8308668076109934,1.1486280487804876,1.1137499999999996,0.8691275167785235,0.9259428050586763,0.9258667883211676,0.8573075023324735,0.8704318936877077,1.0635114503816794,0.8976377952755906,0.793388429752066,1.0155428024868487,1.0312781954887216,0.9252873563218389,0.9338609383832674,0.8717105263157893,1.089381207028266,0.9663018433179722,1.1272727272727272
2115,251,256,256,58.352941176470786,1.578487033911309,1.4314574314574315,1.321848566123375,1.2224269544617006,1.1312220049208253,0.9548611111111106,0.805399625768511,1.0312650312650313,1.0,0.9117647058823528,1.0155149779209929,1.063538611925709,0.9548924358084665,1.3826745164003367,1.2406611570247936,0.984714873603762,0.9117297572568323,1.0312650312650313,0.6085074345943912,0.9548402037980545,0.8978790259230166,1.0800689825080072,1.0155057251908395,1.2037617554858935,1.2070796460176993,0.933884297520661,1.089258468111077,0.94980694980695,0.8427841977962913
2104,21,256,256,41.05050505050501,1.9303910709721392,1.843032923179248,1.2235449735449733,1.3617391304347826,1.2032440883330073,1.0799999999999998,1.280701754385965,1.0967261904761902,0.9114039073148565,1.0800689825080072,1.0475551761980244,1.472246439988375,0.8573388203017831,0.9257142857142857,0.8180447889750215,1.0155223880597015,1.1138211382113823,1.1137357830271215,1.1310483870967738,0.9548924358084666,0.9695853073638652,0.8299912816041847,0.7936507936507935,1.0312781954887216,1.3642338291248706,0.8136076999668105,1.1080332409972296,0.9830361026533275,1.0710382513661203
781,458,256,256,28.281021897810213,2.434765471028774,1.6967213114754096,1.472246439988375,1.5898366606170597,1.2219012605042012,1.1667842709602927,1.18705035971223,1.0313158687142425,1.0,1.0637919401337175,0.7013285386075319,1.1311475409836065,1.1664106502816176,1.064039408866995,1.09672619047619,1.2219012605042017,1.0475551761980244,1.0971055088702142,1.0800295493720757,0.8060631893015076,0.7460676467564512,1.0968703427719821,0.8442265795206971,0.9103448275862069,1.017243920412675,1.1470195554857459,1.052789893217025,1.0528455284552845,0.9497494631352897
1619,140,256,256,42.98966408268728,1.704719387755102,1.6222016365601355,1.221697494424767,0.844175656532636,0.9544126241963761,0.9259512417407156,0.8442096088898574,0.9113082039911309,1.1320215804506506,1.015503875968992,1.1310483870967742,0.8702450926028611,0.9548140424052831,1.1140350877192982,1.0480295566502462,0.9403087872352639,1.0312650312650313,1.031315868714243,1.1855937702790398,0.9259005927952577,1.166495901639344,1.0799704724409447,1.0634920634920635,0.8058977230309816,0.6976744186046511,0.9663793103448278,1.249262536873156,0.8715785140975508,0.8859649122807017
2164,153,256,256,150.5000000000005,1.900794321446679,1.9952153110047846,1.4041831543244774,1.1487603305785123,1.4062499999999996,0.9846680033022762,0.6681068342498035,1.0472555434387496,0.9400334428876207,1.2407407407407405,1.3196721311475408,1.221697494424767,1.202966432474629,1.0155707270331777,1.2626262626262628,1.1311475409836065,1.2442297369833601,1.0,1.0156268782305564,1.0314009661835748,1.0636163445069733,1.0969365562666997,0.954656435298221,1.0,1.7654639175257731,0.9494454846608096,0.840371103076608,0.8868628263572315,0.8572203389830508
1381,202,256,256,55.070796460176915,1.461401952085182,1.7241763488779243,1.1666666666666665,1.080745341614907,1.1310236220472438,1.3198469108802628,1.2239003709591947,0.9257736667808608,1.224704161680628,1.1861009890681937,1.0155707270331777,0.8695215791234527,1.1311475409836065,0.8184747583243825,1.0312781954887216,1.0156268782305566,1.0646163404784093,1.015587529976019,1.031340405014465,1.0157594859983028,1.0474972597734744,1.166495901639344,0.9548872180451128,1.1847545219638242,0.9499000856408791,1.4583333333333333,1.2101224489795916,0.7867187499999999,1.249385145105755
2177,218,256,256,35.04761904761904,1.8859357696567,1.4225768321512995,1.2618152524167563,1.0968703427719824,0.8978675645342311,0.793585265163544,0.9846824555202076,1.063573568066508,1.0155057251908395,1.063538611925709,1.0634804370383932,1.4708780063749636,1.0472956585010917,0.9403122130394861,1.0635114503816794,1.0,1.0638663718987962,1.063573568066508,1.131222004920825,1.0968703427719824,0.8704318936877077,1.4260473069250497,1.0969365562667,1.015509424958244,1.0173128144421426,0.8870967741935485,0.8284457478005867,1.315549936788875,0.8871900826446284
1055,211,256,256,54.23809523809511,1.385920271416455,1.6210510094005237,1.2447387884085257,0.9259428050586761,0.8438694180587403,0.9548924358084665,1.0472555434387496,1.015509424958244,1.3623440875200334,1.0155149779209929,1.0472555434387494,1.2797955340328218,1.031437035245753,1.080029549372076,0.7694314032342204,0.9847310312426591,1.0,0.8572683355292053,1.166442609307983,1.1485714285714288,0.8841031927341616,0.9847148736037625,0.9547458807147832,0.9847328244274809,0.8869565217391304,1.108041554444017,1.070796460176991,0.9830508474576272,1.0526315789473684
849,116,256,256,41.05050505050501,1.7083333333333333,1.1515151515151514,1.3196721311475408,1.0636669727578816,0.96969696969697,1.3214285714285714,1.0972083748753743,1.09672619047619,1.0472383720930232,1.0472727272727278,1.1848739495798317,1.0643604183427189,1.0,0.9402813666379556,1.2418926103136632,0.925925925925926,1.0156268782305566,0.8178879310344825,1.1310483870967742,1.1489686783804431,1.047244094488189,0.793388429752066,0.8691275167785235,0.8978675645342311,0.8721398811556588,1.108166409861325,0.94974946313529,1.0347903657448707,1.146788990825688
2231,473,256,256,89.71391076115518,1.6565656565656568,1.7563636363636361,1.3012540894220284,1.470809792843691,1.0801776242753176,1.0,0.8706324635117204,0.9847274436090224,0.8573309920983322,1.0,1.0,1.3200000000000003,0.9548924358084665,0.7575757575757575,1.2030324721806467,1.0,0.9259005927952575,0.9403087872352639,0.8312783906554188,0.9847220589963569,1.0,1.2406611570247932,1.2416196481911717,1.2035623409669214,1.1470195554857459,1.1274509803921569,1.318367346938776,1.017266824085006,1.127570093457944
392,290,256,256,62.0606060606063,1.7794522767784795,1.4156674660271784,1.2801724137931034,0.8706038487060385,0.7457539886773031,1.0155057251908395,0.8977642961465004,1.0,1.064039408866995,1.0800689825080072,0.8830606622814415,0.883999776922648,1.09672619047619,0.8060631893015076,0.8565517241379312,1.131222004920825,1.1146817895400127,1.0,1.0476889214966982,1.0312650312650313,1.0155707270331777,0.8705035971223022,0.8178879310344825,0.8841031927341616,1.273,1.017256637168142,0.9499000856408794,1.227922077922078,0.9011546043368067
1786,109,256,256,37.90677966101695,1.4133844041338441,1.3419158361018824,1.3016653016653017,0.8969772444243179,0.9847058823529413,1.3228254121542393,0.87012987012987,1.0155038759689923,1.0472383720930232,1.185017466683918,1.0474452554744522,1.0312481221080463,1.063538611925709,1.0,1.0972083748753734,0.9696916710380604,0.925773666780861,0.9548872180451128,1.1137500000000002,1.166923472008218,0.8978102189781021,0.8977642961465003,1.1489686783804431,1.031368763950051,1.4334862385321103,1.017243920412675,1.0,0.887174541947927,0.813953488372093
1641,128,256,256,157.66666666666723,1.8346709470304978,1.813034891375905,0.9696916710380602,0.9847148736037625,0.9258667883211675,1.2406611570247936,1.3200000000000005,1.2222222222222223,1.5653021442495128,1.0639488409272584,0.9259512417407156,1.0155428024868485,1.0634804370383932,1.0634920634920635,1.0155558214670335,1.031368763950051,1.1851851851851853,1.1316872427983542,1.0,1.0,1.0634804370383935,1.299539170506912,1.1310896829898531,1.1137357830271215,0.6738181818181818,0.9174311926605504,0.8868628263572316,1.562968446377348,1.1470195554857459
2163,430,256,256,32.48437499999999,1.525370453524921,1.476190476190476,1.8395429706905115,1.280701754385965,1.0155149779209929,1.0970149253731345,0.8060218491873169,1.2051686723219566,1.0800689825080072,1.0312499999999998,0.8841031927341616,0.8571428571428572,0.8832247922748708,1.0,0.9696916710380604,0.8706467661691545,0.9846680033022762,0.940226449795965,0.96969696969697,0.9258667883211676,0.897844634036821,1.1487603305785123,0.76957564383276,1.0,1.1083333333333334,0.8871900826446284,1.0897376898297286,0.9499857509261896,0.8427841977962913
66,270,256,256,91.10582010582043,1.7490996398559424,1.4922005149174624,1.6804123711340206,1.1312220049208253,0.9696916710380602,1.2599306851506262,0.7673684210526317,1.0475551761980244,1.1665705682619,0.9115646258503401,0.7695035460992911,0.8058045241143836,0.8978102189781021,0.9110857794243373,0.9117297572568323,1.1664106502816176,1.5200000000000002,0.9116297513170566,0.9259005927952577,0.925773666780861,0.7577263550240722,1.1142498430634027,0.8055555555555556,1.047399124939232,0.8425196850393699,1.27076617902306,1.5937969924812032,1.207547169811321,1.0347903657448705
43,289,256,256,53.409448818897516,1.8805350944035226,1.5354691075514875,1.264120276310443,1.4062499999999996,0.9403087872352637,1.015587529976019,1.0155558214670335,1.0155558214670335,0.8309859154929576,1.3000271517784419,0.9116297513170566,0.9258244893301381,0.8977642961465004,1.0,0.897844634036821,0.9401438848920867,0.7815470251535996,1.166442609307983,0.8571428571428572,1.015509424958244,0.9696704578594344,0.844175656532636,0.8705609027547296,0.954861111111111,0.9500071214926651,0.94974946313529,1.0173564753004005,1.0527898932170252,1.070775047258979
1705,363,256,256,45.02116402116396,2.241573033707865,1.524271844660194,1.383480825958702,0.9544126241963761,0.9547458807147828,1.202966432474629,1.0475551761980244,1.0476190476190477,1.015509424958244,0.9115646258503401,0.9545454545454544,1.0634920634920633,1.079980312538452,1.361739130434783,1.0472956585010913,1.0970149253731345,0.8312327581543788,0.9249249249249251,1.1139494114700728,0.925773666780861,1.221784776902887,1.2033898305084743,0.925773666780861,1.0641381436941104,0.9178255372945638,0.9178947368421052,1.052909255351221,0.9660377358490566,1.146616541353383
2406,213,256,256,72.39344262295107,1.2437554409696647,1.4507693419056567,0.8815219867851446,1.3210537147561225,0.984732824427481,1.2602428933671423,1.015649452269171,0.7937162805458584,1.0155038759689923,1.0801183286084062,0.8573075023324734,0.8976377952755906,0.790705162605989,0.9117297572568323,0.9402985074626866,0.9847220589963569,1.3403610307289517,0.9548140424052829,1.0800000000000003,1.2406134320465363,1.0637919401337175,0.8838443066957055,1.6433652953912774,0.8570564626972345,1.017266824085006,1.0,1.0,0.9663285128426506,1.2071463061323031
1933,235,256,256,39.19753086419747,1.3703967519054068,1.7773109243697478,1.4545454545454546,1.0474972597734744,1.2411714039621018,0.9400921658986173,0.925925925925926,1.2804179305695988,1.2801724137931034,1.0,0.9695853073638652,0.7122881142799659,0.96969696969697,0.8840579710144928,1.0639488409272584,1.0472956585010913,1.1311475409836065,0.9259005927952577,1.0799704724409447,0.8841548315232524,0.9401438848920867,0.9400334428876207,0.9847310312426594,1.0155707270331777,1.0348447621174897,0.9829991281604186,1.0347903657448707,0.8425196850393699,1.017249004865104
1968,65,256,256,59.499999999999865,2.018808777429467,1.7836428804170736,1.4513888888888888,0.8705609027547295,0.7684894196522103,0.8704318936877077,1.0634920634920635,0.9846950788792085,0.96969696969697,1.0474452554744524,0.9394221808014912,0.8698553948832033,1.0155057251908397,1.080029549372076,0.9402813666379558,1.015503875968992,1.2998236331569668,1.0,0.7811447811447814,1.2600000000000002,1.1672671127123007,1.03129513721714,0.9847274436090224,1.015503875968992,1.0,1.071211199026172,1.207547169811321,1.2927927927927927,0.8721049395367904
1664,84,256,256,98.41046831955957,1.52,1.4780817887614004,1.494405031814525,1.221784776902887,0.9259512417407156,0.7346803408337161,1.3415376106194685,0.7813748160605426,0.984732824427481,0.9398948159278737,1.1664,1.2031249999999998,0.9398948159278737,1.2600000000000002,0.9403087872352639,0.8439716312056739,1.064360418342719,0.9694835680751175,0.925925925925926,0.8162244454110483,0.9847058823529413,0.897706834532374,1.1139494114700728,1.3196721311475408,0.933898305084746,0.7345433919455471,1.0903195924038904,0.8868628263572316,1.0708232445520582
2378,436,256,256,44.8669950738916,2.005714285714286,1.6234529702970297,1.2418926103136632,0.9548767788962166,1.3615127919911014,1.3613369467028007,0.9847310312426591,1.1137500000000002,1.1665705682619,1.2224269544617006,0.9257142857142857,1.09672619047619,0.9548924358084666,1.1665705682619,1.2801724137931032,0.6191646191646191,0.8839997769226479,0.9847274436090224,1.096744186046512,0.9845422116527942,1.2029268292682926,1.1486280487804879,0.8841354723707668,1.096744186046512,1.293478260869565,1.1090485436893205,0.9830262585231394,1.2071463061323031,1.1081081081081081
1560,309,256,256,60.179104477612164,1.5354691075514875,1.7201646090534983,1.2030324721806467,1.0155428024868487,1.1486847121616468,1.114523030455575,0.9402264497959651,1.1138781128769866,1.166923472008218,1.0,0.9258244893301381,0.9543378995433791,1.0969365562666997,1.0800689825080072,0.9847310312426591,1.031368763950051,1.015509424958244,0.9117896522476676,1.0638663718987966,0.8841612831365563,1.0638663718987962,1.0639488409272584,1.221697494424767,1.063573568066508,1.1081081081081081,1.1275700934579442,0.9179983179142135,1.1273518892862697,1.2713043478260868
1412,504,256,256,56.80487804878037,1.8378561736770693,1.0825396825396827,1.2059270015180519,0.9402573529411762,1.0,0.8432876712328766,0.96969696969697,1.1669234720082178,1.0157004830917875,0.9547038327526134,1.0636163445069735,0.7798941798941799,0.8185332331150006,0.9696545284780576,1.1682194616977226,1.3617391304347826,1.015509424958244,1.0,1.2039882314481858,1.0,1.0,0.6583941605839417,0.9401438848920867,0.7815126050420168,0.8425196850393702,1.1466509988249118,1.089381207028266,0.9180672268907566,1.4344059405940595
1913,371,256,256,37.32352941176471,1.806640952540668,1.5612087573234656,1.0637919401337175,1.240995762711864,1.3403610307289517,1.150057714505579,1.1143790849673205,1.1665705682619,1.7471264367816095,1.097105508870215,0.9402985074626867,0.8185721953837898,0.9548140424052829,1.1310483870967742,1.166923472008218,1.2614641995172968,1.0,0.9696916710380602,1.0806251550483752,1.3402672544427607,1.0636163445069735,1.0,0.8313057583130575,0.7927295918367346,1.2283669486011712,1.0725525153088906,1.207983193277311,1.0347903657448705,0.8426150121065377
930,132,256,256,63.022900763359,1.7193675889328062,1.7683215130023648,1.047688921496699,0.9696916710380604,0.9547826086956521,1.3409247757073843,1.0155057251908395,1.1310483870967742,1.2256341789052072,1.1138781128769866,1.2039882314481858,0.870345744680851,0.9695211300627162,1.0472956585010917,0.9847058823529413,1.3201970443349755,1.1310896829898531,0.8703457446808508,1.3865760407816485,0.8572134658685265,1.1855937702790398,1.047688921496699,1.0,0.7559576576106796,0.9830508474576272,1.0,0.771603331598126,0.9830262585231394,1.0
219,134,256,256,72.30023640661966,1.5479039662828324,1.7462686567164185,1.42806012884753,1.0473588342440798,1.0,0.8704318936877078,1.1486280487804879,0.8977642961465003,1.0967441860465115,0.911489361702128,1.047238372093023,0.8978790259230167,1.0801183286084062,0.9117896522476674,1.0,0.9846335697399525,0.8569542253521124,0.8977642961465003,1.1485714285714281,1.0156268782305564,1.113778444611153,0.87012987012987,0.9847274436090224,0.9402813666379556,1.0896277003217407,1.0348733233979133,1.1271541686073587,0.9663865546218487,0.9662702702702703
1891,273,256,256,56.80487804878037,1.7389962644144872,1.5010005187875193,1.288028802880288,1.1138211382113823,1.0313158687142425,1.015509424958244,0.9400921658986178,1.047238372093023,1.1328988563031115,0.8833753854779928,1.0312481221080463,0.7452032184856613,0.793388429752066,1.063573568066508,1.0313158687142425,0.9258244893301382,0.7936507936507938,0.7330458442425176,0.7223917022574743,1.2051686723219566,0.7929276839757884,1.1667842709602922,0.9398948159278735,1.0800689825080072,0.7868852459016393,0.8128997867803838,1.0349906542056073,0.8142857142857146,0.9827102113196394
633,370,256,256,64.99224806201573,1.24331550802139,1.7659574468085102,1.660527151476659,1.0157289776164549,1.0646163404784093,1.1665705682619,1.1140350877192982,1.080029549372076,1.1861009890681935,1.0,0.8978446340368208,1.1138211382113823,1.0312650312650313,1.3831578947368424,0.7690700104493209,1.0155707270331777,1.1666666666666665,1.1667842709602922,0.9117647058823528,1.113778444611153,0.8978446340368208,1.0800000000000003,1.0472555434387496,1.320723684210526,1.2101224489795916,1.0893812070282658,1.0,0.9830483917705014,0.9499358151476249
1347,18,256,256,37.42512077294681,1.9694762400277488,1.8780817291455583,1.2418926103136632,1.1143790849673205,0.8178879310344825,0.7565163102856252,0.8311688311688314,0.9547826086956521,1.0,1.0,0.9256463051933193,1.1485714285714288,1.0,1.1496163682864449,1.3002717391304346,0.6385426653883031,0.8059701492537314,1.0312781954887216,1.0472383720930232,0.8705609027547296,1.4267770482443616,1.3409247757073843,1.015509424958244,0.9847058823529413,1.338783852835973,0.7326562995874324,0.8571428571428572,0.8005245901639343,1.0347800237812128
379,234,256,256,67.39285714285698,1.4712193707409018,1.4484369385555156,1.166495901639344,0.8562026436590898,1.096816235337926,0.7449664429530202,1.3402203856749308,1.09672619047619,0.9259005927952575,1.081168831168831,0.9110857794243373,1.382406499509735,1.0799704724409447,0.7687074829931972,1.1850174666839173,1.1311475409836065,1.0,1.1137500000000002,0.8841354723707665,1.261815252416756,1.1846590909090906,1.0801776242753176,1.2219012605042012,0.756971490886431,0.9339029729538876,1.0708232445520582,1.207547169811321,1.1272134203168684,1.089531680440771
131,415,256,256,30.54545454545455,2.0588235294117654,2.057938965059708,1.1314209894484109,1.1310483870967738,1.2030324721806467,1.0967201934403867,1.0816890787985425,1.0967201934403867,0.9696704578594338,0.9847310312426594,0.9402985074626866,1.2408522464103753,0.8841548315232528,1.1137784446111525,1.221697494424767,1.1137357830271213,0.8832247922748708,0.8976377952755906,0.9402813666379556,1.063538611925709,0.9402985074626866,1.1848739495798322,0.7934978290797415,1.0472956585010913,0.9338609383832672,1.0526710684273712,0.7340909090909091,1.1271739130434784,0.8283313325330134
147,401,256,256,49.454545454545354,2.0007160759040463,1.9097115548728456,1.2418926103136632,1.0799803125384517,0.9402813666379556,1.047399124939232,0.8562026436590898,1.204523107177974,1.1138211382113823,1.0,0.9847274436090224,1.2601040416166465,1.0968703427719824,1.184754521963824,0.9696704578594338,0.9253902662993572,1.2216102806189355,1.131687242798354,0.8833753854779928,1.0312650312650313,1.0472956585010917,0.883746926000447,0.96969696969697,0.8977642961465003,0.7219512195121951,1.207146306132303,0.9662337662337663,0.8870344827586206,0.8424030172413791
532,108,256,256,139.32000000000048,1.2653061224489797,1.52,1.1485902971805946,0.8841031927341616,0.9847220589963569,1.3000271517784414,1.0312556350303541,1.031368763950051,1.0155428024868485,0.8699999999999999,1.0476190476190481,1.0,1.2408522464103748,0.8185916702447403,0.9696916710380604,1.2224269544617006,0.9118095991859348,0.9695853073638652,1.0155428024868485,0.8313057583130573,0.8976377952755906,1.0472727272727274,0.9696704578594344,0.8841031927341616,1.0893266147503438,1.2713043478260868,0.966350301984469,1.1477622543215724,0.9338282078472957
191,468,256,256,44.33333333333328,1.610137672090112,2.26984126984127,1.4939715016441362,1.0,1.0970149253731343,1.0,1.2995391705069128,1.0312781954887222,1.03129513721714,0.9696704578594344,1.1143790849673205,1.0156494522691706,1.1141352063213348,0.8977642961465003,1.361111111111111,1.0155038759689923,1.3197376511580245,1.0312781954887222,1.2599306851506262,0.9847220589963569,1.0155428024868485,1.2222222222222223,1.1667842709602927,0.9402813666379558,1.3384955752212393,1.1870802686280784,1.1872749099639857,0.9663793103448278,1.1082414617223035
2436,83,256,256,46.49999999999989,1.873655913978494,1.7871052200949107,1.616207951070336,1.1874180865006558,1.09672619047619,1.0801183286084062,0.9117896522476676,1.0473588342440798,1.0,0.9847058823529413,1.0,1.0155149779209929,0.7330458442425174,1.0,1.0,1.149101567478017,1.184754521963824,0.9401438848920862,0.8438694180587403,0.81859167024474,1.015531660692951,1.079980312538452,0.7796026490066226,0.7346938775510206,0.8866279069767441,1.0893266147503438,0.857220338983051,0.9336734693877551,1.0533515731874143
192,193,256,256,79.32098765432124,1.3865760407816485,1.3445389873064586,1.3012540894220284,0.9116297513170566,0.7934978290797419,1.2406611570247936,1.0472555434387496,1.3198469108802617,0.9845916795069333,0.9117896522476674,0.7933884297520662,1.0473243538405537,1.0,1.0639488409272586,0.7934978290797419,1.4484369385555156,1.2601040416166465,1.1310483870967738,1.0,0.9117896522476674,1.0,0.8706467661691545,1.131222004920825,1.0806251550483754,0.8715785140975508,1.017279574656624,1.1666666666666665,1.1466165413533835,0.9335227272727271
746,341,256,256,39.19753086419747,1.6547572204296843,1.6804123711340206,1.1511823232975842,1.2996610169491531,0.8573075023324734,1.0801183286084062,0.8841354723707665,1.0312951372171404,0.9548402037980549,1.0155316606929508,1.0,0.925925925925926,0.6694053208137717,1.2409957627118644,0.8841031927341616,1.0634804370383935,0.8573309920983319,1.1141352063213346,1.015509424958244,0.9117896522476674,1.0635114503816796,1.0967741935483872,0.8182991076228365,0.9845916795069338,0.9830139372822301,1.146788990825688,0.8573170731707318,0.8721049395367904,0.918032786885246
