t0,x0,Th,Xw,L1,L2,L3,L4,L5,L6,L7,L8,L9,L10,L11,L12,L13,L14,L15,L16,L17,L18,L19,L20,L21,L22,L23,L24,L25,L26,L27,L28,L29,L30
1362,243,256,256,38.43764172335599,1.653061224489796,1.8287895310796076,1.3316326530612244,1.0156268782305564,1.2409957627118644,1.0973236009732361,1.1322145944571576,1.047244094488189,1.2408522464103748,0.925773666780861,0.8309859154929576,1.1850174666839173,0.8180447889750214,0.8838443066957057,1.166923472008218,1.0155558214670335,0.9547826086956525,0.9548402037980549,1.3204382060938036,0.9115646258503401,0.8978102189781021,1.096816235337926,0.8436132983377076,0.8058977230309818,1.337977909940527,0.9829818181818181,1.0709682311016755,1.0526236881559219,0.9022556390977443
2718,53,256,256,35.728132387706815,2.1072852482783615,1.4887218045112782,1.2442297369833606,1.2033898305084743,1.0806251550483752,1.079980312538452,0.8573309920983322,1.0157920310981536,0.8185332331150007,0.8058977230309818,0.9846950788792085,0.7122736418511066,1.0638663718987962,1.0312499999999998,1.3000271517784414,1.2797955340328218,1.0,0.969047619047619,1.0970149253731345,0.9695211300627162,1.1676986584107325,1.1505791505791505,0.9696119682094438,1.0634920634920633,1.0529811320754718,0.9663018433179722,1.0172795746566237,1.2085561497326205,0.8143839238498151
857,147,256,256,27.0,1.624199743918054,1.6786900806834362,1.2042419481539672,1.0799704724409447,1.5410628019323678,1.0,1.1137499999999996,0.8978102189781021,1.0969365562667,1.1140350877192982,0.9694835680751175,1.0799803125384517,0.9847148736037625,1.0,1.4484369385555158,0.8702450926028611,0.8432876712328766,1.1498271225509027,0.8841548315232528,1.1666666666666665,0.8058045241143836,1.1310896829898531,1.3620161514898357,1.1137500000000002,1.293773016404419,1.27076617902306,0.8721398811556588,0.9829818181818181,0.966367229608336
1865,123,256,256,53.409448818897516,1.66268418956591,1.578487033911309,1.6473700591347644,1.471492818801683,1.0,1.1137357830271213,0.9847058823529413,1.2031249999999996,1.1487603305785123,0.8976377952755906,1.0155316606929508,0.8841548315232528,0.9548140424052831,1.0968703427719821,0.925714285714286,1.047244094488189,0.8573309920983319,1.2994579945799458,0.9696969696969698,0.8978790259230166,0.9259259259259257,0.9548872180451129,1.1485714285714288,1.148684712161647,0.8003937007874018,0.7591353576942872,1.1477622543215724,0.9661458333333331,1.0
308,365,256,256,42.98966408268728,1.7956989247311832,1.4113628191298089,1.4067989474432832,1.1139494114700728,1.185017466683918,0.954861111111111,1.0316764132553604,1.0,0.8437499999999998,1.184754521963824,0.9402985074626866,0.870646766169154,1.0,0.8183967332903503,1.080415687244835,1.0634765624999996,0.9845679012345679,1.1139494114700728,1.09672619047619,0.9548767788962166,1.4299065420560748,0.9402813666379556,0.9402813666379558,0.6674537583628494,1.4333333333333331,0.950007121492665,1.3871473354231973,0.9018181818181817,0.8567931456548347
41,274,256,256,46.49999999999989,1.4342774146695707,1.7103254319003613,1.2130129036662796,1.2266934942991283,0.7814552140793273,1.5410225921522,1.5708661417322831,1.0314769975786924,0.9846824555202075,0.8573309920983319,1.0473588342440798,0.8182991076228361,0.9843467790487653,0.8569542253521127,1.0,1.2606255012028869,1.6967213114754096,1.0,1.202926829268293,1.0972083748753734,1.185834957764782,1.0472555434387494,0.8421633554083882,0.7934978290797419,0.9024390243902438,1.2713043478260868,1.2355507088331517,0.8871434477056636,0.9018181818181817
189,65,256,256,59.25925925925945,1.2458628841607566,2.1895424836601314,1.2031249999999998,1.1886792452830186,0.9402264497959651,1.0,0.9696704578594338,1.015587529976019,0.9398148148148145,0.984714873603762,0.9256463051933199,0.9548140424052831,1.0155057251908397,0.856836077308518,0.8568360773085182,1.079980312538452,1.0473588342440798,0.8441247002398083,1.0479351032448376,0.9548611111111106,1.0156268782305564,0.925773666780861,1.09672619047619,1.404040404040404,1.249180865006553,1.2927439532944118,0.9663793103448278,0.8139534883720928,0.9016737866797394
343,471,256,256,44.33333333333328,1.329577464788733,1.7375886524822703,1.3615127919911012,1.6942590120160217,1.203761755485894,0.793585265163544,0.7801617079744227,1.0472383720930232,1.0801183286084062,1.047244094488189,0.830985915492958,0.9846335697399528,0.9846950788792085,1.2601040416166465,0.8706038487060386,1.0636163445069735,0.9402264497959651,0.897706834532374,0.8312327581543788,0.9258244893301382,0.9114039073148572,0.7013285386075317,1.0472956585010913,1.1141352063213348,1.1083333333333334,1.146788990825688,1.186915887850467,1.1080415544440165,0.9500000000000003
2371,69,256,256,71.28455284552872,1.6174352688831009,1.3668430335096997,1.5543710021321966,1.2799650043744535,1.1688311688311688,1.3439153439153442,1.299417423113399,0.8570564626972348,1.2995391705069128,1.031315868714243,1.0968703427719821,1.0313158687142425,1.1141352063213346,1.3000271517784419,0.9400921658986178,0.8573075023324735,0.969521130062716,0.6905222437137332,1.3402672544427607,0.9846824555202075,1.0801183286084062,0.8313057583130573,0.8978790259230167,1.047244094488189,0.7999999999999998,1.0,1.0528455284552845,1.1480075901328275,1.071119215865056
180,494,256,256,72.30023640661966,1.64863179231309,2.397303107289427,1.2033898305084743,1.3008849557522124,1.113778444611153,1.0972083748753734,0.8972448057813911,1.1848739495798322,0.9258667883211675,1.0,0.9548402037980549,1.279663865546219,0.8439716312056736,0.9117647058823531,1.0,1.0313404050144646,1.0,1.279663865546219,1.1679478069892124,0.9400334428876207,1.0155149779209929,0.954481792717087,1.0800000000000003,0.9696969696969698,0.8870344827586206,0.966367229608336,0.9332239423557107,1.228070175438596,1.127709340402308
2030,165,256,256,29.166666666666657,1.981390449438202,1.543259557344065,1.166410650281618,1.0155038759689923,1.1314209894484109,1.0,1.0800000000000003,1.063573568066508,1.0799704724409447,1.185834957764782,1.0155057251908397,0.9846135637353534,1.0155149779209929,0.8840579710144928,0.8573075023324735,0.954171562867215,1.0,1.387288977159881,1.0801183286084062,0.7814552140793273,1.0799704724409447,0.8974647887323949,1.202966432474629,0.984732824427481,1.034821428571429,0.8864864864864863,1.1272727272727272,1.0527422990232906,1.0707964601769913
2250,460,256,256,34.51235230934478,2.673101673101673,1.326086956521739,1.340361030728951,0.9256463051933193,0.8305729025251153,1.0472727272727274,1.0312650312650313,1.0805152979066024,1.0634804370383932,1.0472956585010917,0.883746926000447,0.9547826086956525,1.1845399406375015,0.9400921658986173,0.9397276151840044,0.9696350364963502,0.7933884297520662,1.2998236331569664,0.9548767788962166,0.8978790259230166,1.166410650281618,0.9547826086956525,1.166442609307983,1.1137784446111525,0.7849264705882353,0.8870967741935484,0.9663865546218487,1.4096638655462186,1.0892584681110773
121,295,256,256,49.454545454545354,1.6514760003132094,1.66268418956591,1.4956011730205272,1.3005575955392357,0.8565517241379312,1.015587529976019,0.9847058823529413,1.015503875968992,0.9844199424736338,1.203761755485894,1.1486847121616468,0.984714873603762,1.1137784446111525,1.015503875968992,1.0157289776164549,0.7461459403905448,0.8442265795206971,1.113778444611153,0.6287305440525489,1.0,1.184754521963824,0.984714873603762,1.1310483870967738,1.1486847121616468,0.8409785932721715,0.8721311475409835,1.1278688524590166,1.0172413793103448,0.9166666666666671
230,158,256,256,69.0092592592595,2.31213102266235,1.7001980198019804,1.7329252577319585,1.0634765624999996,1.0312781954887222,0.9695211300627162,1.2599306851506262,0.8440567066521265,0.9402985074626866,1.081331331331331,1.0156268782305566,0.9847058823529413,0.9118046132971509,1.0472383720930232,1.1314209894484109,0.7577263550240722,1.221610280618935,1.131222004920825,0.9402985074626866,0.6489197530864196,1.2220470371830248,1.1310236220472438,0.897706834532374,0.9258667883211676,0.9022556390977443,0.8867533185840708,0.7731092436974791,1.2071463061323031,0.9830483917705014
1216,362,256,256,48.630853994490295,1.9345314505776636,1.580089244499154,1.4507693419056567,1.031255635030354,1.1138211382113823,0.8833753854779928,1.2216393442622953,0.8838443066957055,1.1486280487804879,1.0969365562666997,1.2216102806189355,0.9696828358208955,1.2030324721806467,0.897844634036821,0.8705035971223022,0.8053996257685111,1.0968703427719821,1.015509424958244,0.954861111111111,0.723376228594589,1.0473243538405534,1.0312951372171404,1.1310236220472445,0.9117896522476676,0.9024932286964376,0.7096774193548385,1.207146306132303,0.9663285128426503,0.857220338983051
2461,370,256,256,33.98507462686566,1.5974264705882346,1.50579872802095,1.41044776119403,1.096744186046512,0.8310865681338313,0.9846517119244392,1.0312650312650313,1.079980312538452,1.1310483870967738,1.0,0.954861111111111,1.185834957764782,0.8841612831365563,0.969698735504924,1.0,0.8571428571428572,1.0968703427719824,1.166410650281618,0.9547458807147828,0.8978790259230167,0.9116847826086956,0.9696704578594338,0.7813748160605424,1.0,1.0526236881559219,0.7474285714285716,1.0526236881559219,1.3152311189694366,1.089531680440771
1685,2,256,256,56.57971014492774,2.378446115288221,1.717871485943775,1.1138781128769866,1.0803262481463178,1.302118933697881,0.9391812865497078,0.9846680033022762,0.8978102189781021,1.148854961832061,1.0474972597734744,0.8563853292090147,0.8972448057813911,0.969698735504924,1.0803262481463178,1.0155149779209929,0.9103448275862073,0.7577765126028674,1.047244094488189,0.9847328244274809,0.9547826086956525,0.8177111422715996,0.8436132983377076,0.8705609027547295,1.0637919401337177,0.9499643620812541,0.7593984962406016,0.8870967741935485,0.800157666535278,0.9024932286964376
2152,191,256,256,42.38028169014076,1.8008658008658016,1.7030939314403881,1.3057553956834531,0.9114039073148572,1.2216102806189355,1.4057600907994607,0.7549224968579807,1.3198469108802617,0.8058045241143836,0.8702450926028614,1.0800689825080072,1.1845875822899186,1.015587529976019,0.7934978290797419,0.9846824555202075,1.1137357830271213,0.8030303030303029,1.1310483870967738,1.0315687226809136,0.8569542253521127,1.1139494114700728,1.0967201934403867,0.897706834532374,1.0972083748753743,0.9661922993570756,1.3152311189694366,0.8695652173913045,1.0172949002217293,0.9662337662337663
1497,27,256,256,28.281021897810213,1.6977662009629804,1.5010005187875193,1.1146817895400127,1.3653994800084324,1.0970149253731343,1.4043831742665256,1.2994174231133993,0.9544126241963761,0.8048048048048047,0.8442096088898572,0.8442096088898572,1.096816235337926,0.9696119682094438,1.1853772361939334,1.0,0.9246376811594205,1.0968703427719821,0.7809949986838642,0.8560035445281347,1.0804156872448343,0.8060631893015076,1.148854961832061,0.8705609027547296,1.0312781954887222,1.3382653061224492,0.9829147196261683,1.0526710684273708,0.9329752953813107,0.7465273352873711
2576,110,256,256,57.6885245901638,1.8831521739130435,2.2223451327433623,1.6029684601113177,1.0,1.2033898305084743,1.0967261904761902,1.015522388059702,0.9696119682094438,1.204523107177974,1.4041831543244774,1.0312499999999998,1.8601439086924156,1.0,0.9847058823529413,0.8978102189781021,0.9696545284780581,1.015522388059702,1.0636163445069733,0.984714873603762,0.9116847826086956,0.9258667883211676,0.7687074829931972,0.7690700104493209,0.8432876712328766,1.0892584681110773,0.9179523141654978,0.9179983179142136,0.8870344827586206,0.9180327868852458
1040,32,256,256,55.07999999999987,1.341537610619469,1.4306495751116233,1.1324250334245878,1.1311475409836065,0.9547038327526135,0.9548924358084665,1.0312650312650313,0.9846950788792085,1.0971055088702142,0.9114893617021275,1.0634765624999996,0.8705609027547295,0.7461459403905448,1.0,1.0,1.080029549372076,1.0155149779209929,1.1137784446111525,1.0971055088702142,0.9547826086956521,1.0634765624999996,1.1138781128769866,0.7577765126028674,1.047244094488189,1.1287128712871288,0.966386554621849,0.8131612216381662,1.0173128144421426,1.1475409836065575
1705,12,256,256,47.2222222222221,1.4005869405722666,1.7170668397144717,1.4990771502399407,1.1845875822899186,1.1142498430634018,0.9258244893301381,1.0635114503816796,0.9258667883211676,1.2033898305084743,0.9548611111111106,0.7809949986838642,0.9548767788962168,0.8438694180587398,1.0473588342440803,1.0155316606929508,0.844175656532636,0.8440567066521265,1.166495901639344,1.0634920634920633,1.0,0.7809949986838642,0.9259428050586763,0.9548767788962166,0.9846680033022762,0.8143839238498151,0.933898305084746,0.966386554621849,0.9499857509261899,1.1272134203168684
492,30,256,256,48.699248120300645,1.7447973713033953,1.578487033911309,1.2406134320465358,1.0473991249392318,1.1665705682619,0.7461198478774799,1.0155038759689923,0.8172972972972975,0.8978675645342311,1.0,1.0156739811912225,1.0472956585010917,1.0472956585010913,1.0155428024868485,0.9402813666379558,1.015606242496999,1.0,0.6899841017488078,1.0636669727578816,0.9548872180451129,0.9113082039911308,1.063573568066508,0.8835125448028672,1.0637254901960782,0.9180557501050569,0.7868852459016396,0.9830434782608696,0.7724915737619912,0.9830262585231394
823,408,256,256,51.79069767441848,1.523255813953488,1.9247050659264398,1.3409247757073843,1.404640633842671,1.2409957627118644,0.896485041519736,0.9258244893301381,1.1845161290322581,1.4941520467836256,1.047238372093023,0.9548767788962166,0.8705609027547295,1.1485714285714288,0.9256463051933193,1.0314769975786926,0.9393055150277212,0.9846824555202076,0.9847058823529413,1.1313131313131315,1.047238372093023,0.8977642961465003,0.9548924358084665,1.1845399406375017,0.8973607038123165,1.1870802686280781,1.1904296874999998,1.0,0.9336028942328154,1.0
2053,132,256,256,64.99224806201573,1.4951292756170804,1.5216049382716048,1.170335429769392,1.5020796197266786,0.9118046132971509,1.0636163445069735,1.448179271708684,0.9548140424052829,1.015509424958244,0.9117297572568323,0.8696959572335451,0.8307291666666663,0.7012390087929655,0.9259512417407156,1.1310153691106068,0.9696828358208955,1.0637919401337177,0.8442096088898572,0.9402264497959651,1.096744186046512,1.031315868714243,0.7932569974554706,0.925390266299357,1.0800689825080072,0.814199695626282,0.9499358151476249,1.0898617511520736,0.949857142857143,1.2281999187322226
889,315,256,256,43.656249999999936,1.6547572204296843,2.5324675324675328,1.7295173961840629,0.9116297513170566,1.0,0.911489361702128,0.9400334428876207,0.9696704578594344,0.9694835680751172,1.0,1.096744186046512,1.0984848484848484,1.0155149779209929,0.8312327581543788,1.0155057251908395,1.3823529411764706,0.8570564626972348,0.8702450926028611,1.221784776902887,0.9847274436090224,0.8977642961465003,1.472727272727273,0.9115646258503401,0.76957564383276,0.9499857509261899,1.6176470588235297,0.966350301984469,1.1466165413533835,1.2281999187322228
929,176,256,256,30.50354609929077,1.421052631578947,1.798207766345835,1.1137499999999996,1.221697494424767,0.8820326678765881,0.9258667883211675,0.9548402037980545,0.8706467661691545,1.0312481221080463,0.8183967332903506,0.8308668076109934,0.9548924358084665,1.1664,1.1310153691106068,1.2413793103448276,0.9846950788792088,0.8060528559249787,1.0,1.384778012684989,0.7814552140793278,0.793388429752066,1.0472555434387494,1.1310236220472438,0.9548140424052831,1.3382653061224492,0.9663285128426506,0.8870967741935485,0.8871900826446281,1.146708463949843
2209,26,256,256,37.850393700787386,2.0655737704918034,1.7083333333333333,1.2797955340328218,1.4062499999999996,0.954861111111111,1.3828892005610096,1.1150442477876108,1.2042419481539672,1.0969365562667,1.0,1.1138781128769866,0.8439716312056736,0.7798941798941799,0.9258667883211676,0.9847274436090224,1.1137784446111525,1.0156062424969987,0.8573309920983322,1.0155149779209929,1.0799704724409447,1.2598960415833669,1.0,1.0312650312650313,0.9696828358208954,1.2927927927927927,1.0,0.9829991281604186,0.9499643620812541,0.8284686125549778
395,125,256,256,60.179104477612164,2.1707317073170733,1.8412145345943258,1.0157594859983028,1.3613369467028007,1.031340405014465,1.0649066966236034,0.8438694180587398,0.9847310312426591,1.063573568066508,0.9402985074626867,1.047244094488189,0.9846824555202075,0.8177111422715996,1.0315208825847124,1.1138781128769866,1.1874180865006552,0.9847310312426591,0.7684894196522103,1.0473243538405534,0.8978790259230167,0.925925925925926,1.2405975279264991,0.8563853292090147,0.984567901234568,1.1087108013937281,1.0,1.1272134203168684,1.1664822134387351,1.0527422990232909
2179,344,256,256,72.39344262295107,2.090743274053808,1.8188976377952755,1.6248062015503877,1.166442609307983,1.0805152979066026,0.9547458807147832,1.0472383720930232,0.969698735504924,1.0799704724409447,1.3612114476243398,1.015503875968992,1.015509424958244,1.1310896829898531,0.9696704578594344,0.9116847826086956,0.9401438848920867,1.1310483870967742,0.8841031927341616,1.166495901639344,1.1311475409836065,0.8438694180587398,0.9548402037980549,0.9117297572568323,0.9696704578594344,0.7734606944623723,0.7098214285714286,1.1080665024630543,1.0172413793103448,1.3172881355932202
399,255,256,256,35.08536585365854,1.7871052200949107,1.6742102781706745,1.1486280487804879,1.2795135389370424,0.8572683355292052,1.0636163445069735,0.91156462585034,0.8978790259230166,1.496146788990826,1.063573568066508,0.87012987012987,1.079980312538452,0.7927295918367346,1.063573568066508,0.9547826086956525,1.0,0.91156462585034,0.9118095991859348,1.279663865546218,1.1486280487804876,1.1485714285714288,1.0312650312650313,1.09672619047619,1.4489531620979927,1.2491808650065532,0.9500071214926651,0.8573170731707318,1.1271739130434784,1.0347800237812128
2528,4,256,256,42.33333333333328,1.4489531620979927,1.7612514639451227,1.3423423423423422,1.4039548022598871,1.0800689825080072,0.8969772444243179,0.925390266299357,0.7933884297520662,0.9696704578594338,1.1138211382113823,1.0,0.9846517119244392,0.793103448275862,1.166923472008218,1.0312650312650313,0.8832247922748708,1.3826745164003367,0.9118046132971509,1.0313158687142425,0.9696969696969698,0.9695853073638652,1.031437035245753,1.047244094488189,1.2033898305084747,0.872131147540984,0.8272019334049411,1.0352223978324677,0.966386554621849,1.1473435655253839
441,175,256,256,38.007299270072934,1.6661490683229816,1.4271428571428568,2.6947014297729184,0.9548402037980545,1.0312481221080463,1.4262295081967213,0.8313148788927337,0.9258667883211676,1.1851851851851853,0.7010298970102988,1.2039882314481858,0.8978675645342311,1.149425287356322,1.080326248146317,0.9259005927952577,1.3002717391304346,0.8313148788927337,0.7933884297520662,1.2411714039621018,1.0,1.167471819645733,1.0971055088702142,1.149425287356322,1.13184584178499,0.9180557501050569,1.384935064935065,0.9663285128426506,0.8422649140546006,1.1678622668579626
955,281,256,256,45.788321167883105,1.670731707317073,1.6433652953912774,1.6786900806834362,0.8565517241379312,1.080246913580247,0.9105145413870247,1.0313158687142425,0.8434592227695674,1.2604166666666667,0.8573075023324734,0.9695853073638652,1.2216393442622953,1.2032440883330073,0.8833753854779928,1.0970149253731343,1.2411714039621018,0.7814552140793273,1.0477648499693815,1.341537610619469,0.9117297572568324,1.0155428024868487,1.0801183286084062,1.096744186046512,0.6693568109562239,1.0893266147503438,1.1090485436893205,0.9830508474576272,1.1085678935972785,0.9021670963695907
2392,286,256,256,40.448275862068876,3.15906432748538,1.6822519083969465,2.114760080277321,1.1485714285714288,0.9846680033022762,0.9258244893301382,1.2029268292682926,0.9400334428876207,0.9117297572568323,0.9693486590038316,1.0977443609022557,0.9548924358084665,1.1137357830271215,1.1310153691106068,1.0975914920237724,1.42806012884753,0.8974647887323941,0.8570564626972348,0.9847328244274809,0.9397276151840044,1.0977443609022557,0.8705609027547295,1.0472555434387496,1.1137357830271215,0.8142857142857145,1.0,1.0172668240850058,1.0350404312668466,0.8572783952290596
540,2,256,256,33.98507462686566,1.1679478069892124,1.5391705069124428,1.279795534032822,1.408075907826211,1.2032440883330073,0.9259005927952577,0.9113082039911308,1.1845161290322581,0.9389097744360902,0.9696828358208955,1.031368763950051,0.8839285714285714,1.2602428933671428,0.7932569974554707,0.9402813666379558,1.0,0.7345719973457197,0.9114893617021275,1.0157920310981536,0.9696828358208955,0.7937162805458584,1.0476190476190481,1.448147084171215,1.080029549372076,1.0,0.7732558139534886,0.8139534883720928,1.146616541353383,1.0719999999999998
764,300,256,256,83.07070707070739,1.902777777777778,1.52,1.031368763950051,1.0312556350303541,1.4482758620689657,1.015587529976019,0.9258667883211676,0.7695516162669448,0.7694314032342204,1.0312650312650313,1.0800689825080072,1.0472727272727274,0.8841031927341616,0.8573075023324735,1.080246913580247,1.2031249999999996,0.954861111111111,1.0476190476190481,1.0,0.7454133168418885,0.9113082039911309,0.8974647887323941,0.9696350364963505,0.8838443066957055,1.3613899613899614,0.7603686635944701,0.917652027027027,0.8572783952290595,0.7472359893252001
1482,423,256,256,60.4285714285713,1.873655913978494,1.633150039277298,1.4088050314465412,1.280701754385965,0.7670250896057348,1.1138781128769866,0.8978675645342311,1.203761755485894,1.0808759487370907,1.015606242496999,1.0967741935483868,0.8442096088898574,0.9847310312426594,0.793103448275862,0.6475429678044058,0.9403087872352637,0.9696704578594338,0.954861111111111,1.320723684210526,1.2032440883330078,1.0,1.131545661522894,1.0,0.9117647058823531,0.73183930731521,1.0172439204126749,0.7603226425965045,1.1081081081081081,1.3618867600309306
379,27,256,256,103.09039548022636,2.0156249999999996,1.902777777777778,1.1861009890681935,1.221610280618935,1.0634765624999996,0.9083054135073177,1.1487603305785123,1.1310153691106068,0.8704318936877078,1.0475551761980249,0.9696828358208954,0.9695853073638652,1.0972083748753734,0.8973607038123165,0.9116847826086956,1.0,1.0969365562666997,1.221697494424767,0.9400921658986178,1.166923472008218,1.0634765624999996,1.2994579945799458,1.0972083748753734,0.9696119682094435,1.0,0.9303156640857652,1.1664295874822188,1.017279574656624,0.6624391416721765
2292,322,256,256,50.999999999999886,1.9892770667589073,1.7214206437291901,1.2413793103448278,1.1485714285714281,1.0801183286084062,1.0155223880597015,1.0313158687142425,1.09672619047619,0.9548767788962166,0.9402985074626866,1.279795534032822,1.0803262481463178,1.0800000000000003,1.1664,1.2216393442622953,1.299661016949152,0.8978675645342311,0.9847274436090224,1.0,1.047244094488189,1.279795534032822,1.0637919401337177,0.9548872180451128,0.9257142857142857,1.1273518892862697,1.0,0.9499643620812541,0.9498571428571427,1.1466050591275745
1739,382,256,256,60.4285714285713,1.4497297297297294,1.8571428571428574,1.1846590909090906,0.9259428050586763,1.1667842709602927,0.8978790259230166,1.0802469135802464,0.7814552140793278,1.0,1.1489686783804434,1.0,1.0800000000000003,1.0472383720930232,1.1141352063213346,1.1489686783804434,1.0472956585010917,1.185834957764782,0.8439716312056739,1.0472956585010913,1.3197376511580245,0.9257142857142857,0.8978102189781021,0.9402573529411765,1.0312650312650313,1.0897376898297286,1.2280701754385963,1.017266824085006,1.0905012376237622,1.034803301851714
1355,406,256,256,41.6870229007633,1.320723684210526,1.3653994800084324,1.288888888888889,1.387288977159881,1.1665705682619,1.1846590909090906,1.2406611570247932,1.0312499999999998,1.2045231071779745,0.8440567066521265,1.09672619047619,0.9847274436090224,0.8972448057813911,1.149101567478017,0.9696916710380602,1.341537610619469,1.0967441860465115,0.925925925925926,1.2421984163949695,1.031255635030354,0.9696828358208954,1.0801183286084062,0.8972448057813911,0.9259512417407156,1.0,0.917744656917885,1.186781609195402,0.9499000856408791,1.337977909940527
218,112,256,256,62.0606060606063,1.809764309764309,1.5742574257425745,1.4708780063749636,1.320723684210526,0.9548767788962168,0.9846680033022762,1.0312499999999998,0.9403122130394861,1.2794947594732597,0.9403122130394861,0.7458847736625512,1.0800000000000003,1.320197044334975,0.9847274436090224,1.015522388059702,0.7577765126028674,1.047244094488189,0.8978675645342316,0.8832247922748708,1.2418926103136632,0.7814552140793273,0.9402985074626866,1.0,1.1310483870967742,1.0,0.8419239343376342,0.9830508474576272,1.2290935791792448,0.9829619921363042
351,300,256,256,31.019083969465644,1.9694762400277488,1.704719387755102,1.3865760407816485,0.8148148148148151,1.0634804370383935,1.1312220049208253,1.079980312538452,0.9255696782319935,0.8836363636363637,1.2810241167330947,1.015531660692951,0.9116847826086956,1.1489686783804431,0.880952380952381,0.844175656532636,1.1139494114700728,0.8975571315996846,1.1310896829898534,0.7459893048128342,1.131222004920825,0.9548402037980545,1.240995762711864,0.9847310312426594,0.8948948948948949,0.966386554621849,0.8143839238498151,0.8715785140975508,1.270833333333333,1.071211199026172
727,312,256,256,95.41734417344209,1.6500000000000001,1.2095084609186137,1.520694259012016,1.4275704275704273,1.1314209894484109,0.8185332331150007,1.063573568066508,1.1664106502816176,0.9117297572568323,1.1486280487804876,1.1137500000000002,0.9251755496719234,0.8706467661691545,0.8059701492537316,0.6365914786967419,1.0473243538405537,0.9259512417407156,1.1845161290322581,0.9847310312426591,1.096816235337926,1.2031249999999998,0.8052226027397259,0.8442096088898574,1.202966432474629,0.9830483917705013,1.0711192158650558,0.7998157409844695,1.1467084639498433,0.8871900826446284
712,449,256,256,68.0634920634923,1.6468699839486358,1.866666666666667,1.24331550802139,1.0475551761980249,1.0640394088669953,1.1138211382113823,0.9259005927952575,1.1664106502816176,1.166442609307983,1.0,0.8059701492537314,1.1666666666666665,0.793694456199746,1.080415687244835,1.0970149253731343,0.8978102189781021,1.0,0.9846950788792085,0.9548872180451129,0.883746926000447,0.6904761904761906,1.1313131313131315,0.8978446340368208,1.0972083748753743,1.0,1.0,0.9024390243902439,0.8558126797206628,1.0172566371681415
2568,83,256,256,37.42512077294681,1.8395429706905115,1.900794321446679,1.4780817887614004,1.0316205533596836,1.047688921496699,1.0473588342440798,1.6936597614563722,0.9259512417407156,1.0314370352457531,0.9401886358408096,1.0636163445069733,0.8832247922748708,0.8441247002398083,1.0156739811912225,0.9695211300627162,1.0636669727578816,1.0475551761980249,0.8706038487060386,1.0803262481463178,0.9401886358408096,1.0636163445069733,1.2216393442622953,0.8183967332903503,0.7233201581027666,0.9660943273201474,1.0,1.0714285714285718,1.1671428571428577,0.9663018433179725
1096,481,256,256,74.57314148681081,1.843032923179248,1.6697892271662762,1.2406611570247932,1.471492818801683,1.148854961832061,1.2239003709591942,1.0155057251908395,1.2222222222222223,0.9847058823529413,0.9116297513170566,1.03129513721714,0.8840579710144928,0.9696350364963502,0.8312783906554186,1.031255635030354,0.9117647058823528,1.148854961832061,1.4481792717086832,0.8442265795206971,0.897706834532374,0.8698553948832033,1.031340405014465,1.0,0.9846824555202076,0.9179523141654978,1.1088709677419357,1.0,0.8419239343376342,0.8143839238498148
774,476,256,256,50.999999999999886,1.66268418956591,1.5515151515151522,1.4271428571428568,1.149101567478017,0.711577248890682,0.8838443066957057,1.3613369467028007,0.7804054054054053,0.8976377952755906,0.925925925925926,1.0636669727578816,1.0,1.0967441860465115,0.9403087872352639,1.131545661522894,0.9256463051933199,1.0811688311688308,0.8966613672496024,1.3204382060938036,1.0800000000000003,0.9257142857142857,1.015509424958244,1.1137499999999996,0.7812713602187287,1.0892857142857144,0.9016737866797394,0.8139534883720928,0.9015151515151514,1.1080332409972296
2221,74,256,256,84.3587786259545,1.2095084609186137,1.912358781239302,1.2031249999999998,1.1137784446111525,1.031437035245753,0.8185721953837894,1.2405975279264991,0.7933884297520662,1.0474972597734749,1.0634804370383932,0.734205683909221,1.0634804370383935,0.9403122130394861,1.03129513721714,0.8572134658685266,1.185834957764782,1.202926829268293,0.8706038487060386,0.8418841220698808,0.9847310312426591,0.7689009724981701,0.9696704578594344,1.015509424958244,0.9696119682094435,1.1282492953335423,1.0172795746566237,0.9018181818181817,0.8721311475409835,1.1872749099639857
1548,120,256,256,37.850393700787386,2.026315789473684,1.8167989417989416,1.0806251550483754,1.1488549618320612,1.1310896829898534,1.015587529976019,0.9547038327526135,1.1313131313131315,1.0,0.9402264497959651,1.1847545219638242,0.9696545284780581,0.9846680033022762,1.221784776902887,1.1486280487804876,1.047399124939232,0.9400921658986178,0.9548924358084666,1.0312650312650313,1.1310236220472445,1.340220385674931,0.9847148736037625,1.0,0.723404255319149,1.0526473676316184,1.2315876288659795,0.8141996956262821,1.187274909963986,0.9500000000000001
1905,212,256,256,31.499999999999996,1.2827047230716955,1.252777777777778,1.5020796197266786,0.9846950788792088,0.793103448275862,1.4718350754936123,1.096816235337926,1.0474452554744522,1.080029549372076,0.984732824427481,1.0155316606929508,0.75625,0.8441247002398083,0.9696350364963505,0.8833753854779928,0.8696959572335451,0.9402813666379558,0.7937162805458584,1.031255635030354,1.2222222222222225,1.0155316606929508,0.6583941605839417,1.3016653016653017,0.9846950788792088,1.273,1.2708333333333335,1.4354066985645928,0.9179523141654978,1.017249004865104
2272,79,256,256,34.51235230934478,1.4980842911877394,1.6143667296786393,1.3000271517784414,1.0473991249392318,0.9547038327526134,1.1139494114700728,1.2033898305084747,0.755639097744361,0.9695550351288057,1.1485902971805946,0.8178879310344825,0.8060528559249789,1.1145230304555749,0.9117647058823528,0.7789468090759339,1.063666972757882,1.0314769975786926,1.2407407407407405,0.8311688311688314,1.221784776902887,0.7690700104493209,1.0974512743628189,1.0,0.9259005927952575,0.966350301984469,1.4334862385321103,1.315549936788875,1.0347903657448705,0.9498069498069499
1675,352,256,256,59.499999999999865,2.3700234192037475,1.302615363549227,1.7280000000000002,1.5664913598797892,1.0473991249392318,1.1667842709602922,1.2418926103136632,1.0967741935483872,0.96969696969697,0.8839285714285714,1.2598960415833669,0.8573309920983322,1.2599999999999998,1.063666972757882,1.0473991249392318,1.1667842709602922,1.0800689825080072,1.1138211382113823,0.9403122130394861,0.9695550351288057,0.9846680033022762,0.9402985074626867,1.0473588342440798,0.8312327581543788,0.8573364042812628,0.9338609383832674,1.0172566371681415,0.9830139372822297,1.2279775919460907
711,162,256,256,39.19753086419747,1.3631538515259443,1.5742574257425745,1.1326530612244898,1.0,1.0634765624999996,1.2994174231133993,0.8837469260004471,0.8439716312056739,0.9117297572568323,1.1310236220472438,0.8438694180587398,0.8571428571428572,0.7695516162669448,0.7695516162669448,1.1137500000000002,0.9846680033022762,1.0,0.8570564626972348,1.1310896829898531,1.299661016949152,1.015503875968992,1.0312499999999998,0.781512605042017,0.8839285714285714,1.0,1.1083333333333334,0.9016737866797394,0.9829396325459318,1.052702702702703
2657,10,256,256,44.33333333333328,1.805084745762712,1.6663560111835976,1.1855937702790398,1.4049557522123892,1.1310236220472445,1.221697494424767,1.1670843776106938,0.8706038487060385,1.0801776242753178,1.0634804370383935,1.166923472008218,0.9247859291830598,0.9696828358208955,1.2029268292682926,1.166442609307983,1.1137357830271215,0.8978790259230166,1.0474452554744522,0.9259428050586763,1.0312556350303541,1.1491015674780172,0.7335929094728215,1.1141352063213346,0.9117896522476674,1.0,1.1664822134387351,0.9339029729538876,1.089861751152074,1.1875000000000004
1679,443,256,256,42.16666666666664,1.1150442477876108,1.981390449438202,1.5223214285714282,1.1845399406375017,1.7534411977783149,1.2033898305084743,1.080745341614907,0.8840579710144928,1.1310483870967742,1.1847545219638242,0.9846517119244392,1.0155057251908397,0.8569542253521124,1.0,1.166442609307983,1.0155038759689923,0.7461459403905448,0.9117647058823531,0.9847274436090224,1.080246913580247,0.925714285714286,1.0472383720930232,0.9696828358208954,1.0,0.9023915461624026,1.2495488105004104,0.7603686635944701,0.8719211822660099,1.1273518892862697
1226,100,256,256,48.699248120300645,1.6063432835820899,1.9083386963317093,1.383480825958702,1.2599306851506262,1.2229257353911094,1.0967261904761902,1.202966432474629,0.9117647058823531,1.0472555434387496,1.0155149779209929,0.793585265163544,1.032017732898221,0.8175143073102257,0.9696119682094435,1.4712193707409018,0.9115646258503401,0.8560035445281347,1.047244094488189,1.0,0.9696916710380604,1.383480825958702,1.4722464399883757,0.9548140424052831,1.1137784446111525,1.1895043731778425,0.949935815147625,0.8143839238498148,1.0707964601769913,0.8869565217391305
1467,439,256,256,98.41046831955957,1.6029684601113177,1.2653061224489797,1.475354687728536,0.8573309920983319,1.1863920750782062,0.7461459403905448,1.1665705682619,1.2239003709591942,0.8705035971223022,1.063666972757882,0.8706038487060386,0.7936507936507938,1.0312481221080463,1.0,0.9548140424052829,0.8572134658685266,0.9847310312426591,0.9402573529411762,0.984732824427481,1.1487603305785123,1.1139494114700728,0.8571428571428572,0.9548767788962166,0.8060528559249787,0.9830361026533272,0.8572783952290595,0.9339029729538876,1.0712111990261717,0.9338842975206613
2655,217,256,256,35.59105779716465,2.5116279069767438,1.5559373806796484,1.4267770482443616,0.8972448057813913,1.0472383720930232,1.0155057251908395,1.0472956585010913,0.9116297513170566,0.9548924358084665,0.8440567066521265,1.2037617554858935,0.9402813666379556,1.015531660692951,1.1845399406375015,1.1486280487804879,0.9548924358084665,1.0800295493720757,0.9401438848920867,0.8572134658685265,0.969698735504924,1.3000271517784414,0.9117896522476674,0.8430985297344743,1.2994579945799458,0.9663793103448276,1.0526315789473681,1.1865433673469388,0.9020647321428571,0.887174541947927
2493,166,256,256,47.15176151761512,1.8471177944862154,1.7790262172284639,1.2292147022921474,1.0472956585010913,1.2801724137931034,1.2608695652173914,1.080029549372076,1.320723684210526,1.0314370352457531,1.063573568066508,1.202966432474629,1.0636669727578816,1.0157594859983028,0.9114039073148565,0.9696828358208954,1.0641381436941104,1.096816235337926,0.9258667883211676,1.1141352063213348,1.4718350754936123,1.3409247757073843,0.8442265795206971,0.9543378995433792,1.3405017921146953,1.2071463061323031,1.1287128712871288,1.1272727272727272,0.8714285714285712,1.1085678935972785
2440,78,256,256,57.6885245901638,1.2907464355605256,1.496766607877719,1.4780817887614004,1.0157289776164549,1.0804156872448343,1.3198469108802617,1.0155057251908395,0.9259005927952577,0.9696828358208955,1.0636163445069733,0.6797082881639894,1.0,0.96969696969697,0.6798029556650247,0.6901534336362282,1.221610280618935,1.131222004920825,1.1486847121616468,1.302615363549227,0.9695550351288057,0.6902918403811793,1.0967261904761902,0.8706038487060386,0.9845422116527944,1.070909090909091,0.9335227272727271,0.9024729091414284,0.9499857509261899,1.089531680440771
850,345,256,256,42.98966408268728,1.9669607334371213,1.543259557344065,1.5172413793103452,1.166495901639344,1.0973236009732361,0.9399676749018704,0.8183967332903506,1.0,0.9547458807147828,1.096744186046512,0.9846824555202075,0.9546036549877781,0.9543378995433791,1.1310483870967742,0.9846950788792088,0.6905375917476692,1.097105508870215,0.8706324635117204,1.148590297180594,1.113778444611153,0.9255696782319935,1.3198469108802628,1.3825136612021858,0.9116847826086956,0.8141996956262821,0.9336028942328156,1.0711192158650558,1.1473435655253839,1.2707661790230598
1271,401,256,256,45.788321167883105,1.210810810810811,1.6931702344546387,1.5214678353885012,1.2797955340328218,1.0,0.883999776922648,0.8308668076109934,0.9117896522476676,1.2794947594732597,0.7815470251535996,0.7226173541963016,1.4481792717086832,0.8976377952755906,0.9401886358408097,0.8841548315232524,0.9257736667808608,0.8308668076109934,1.131222004920825,0.954656435298221,1.1498271225509027,1.1682194616977226,1.4481792717086832,0.8058977230309816,0.8975571315996846,0.8721398811556588,0.7868852459016396,0.6857718366599521,1.0348033018517144,0.9016737866797394
520,128,256,256,162.65217391304407,2.2074303405572757,1.462805013720982,2.0460946383276477,0.9696828358208955,1.015509424958244,0.7929276839757885,1.0808759487370911,0.9847148736037625,1.2601040416166465,1.38288920056101,0.8841354723707665,0.9116297513170566,1.0646163404784093,1.0801776242753178,1.047244094488189,0.7808219178082192,1.047688921496699,1.1137357830271215,1.0634920634920635,0.7809949986838642,0.8841354723707665,0.883999776922648,1.3016653016653017,0.9259428050586763,1.2279775919460907,0.7214285714285715,0.8712605735506498,0.9333333333333332,1.0894495412844039
911,182,256,256,28.720588235294112,1.7295173961840629,1.4062499999999996,1.4576457645764576,1.0472956585010917,1.047238372093023,1.24331550802139,0.8838443066957055,1.0,0.9117896522476674,1.0,1.2797955340328218,0.9402573529411765,1.1142498430634018,1.0312781954887222,1.1310896829898531,1.0,1.1310236220472445,1.0967741935483872,1.1142498430634018,0.9259005927952575,0.925773666780861,1.2226613965744404,1.0313158687142425,0.8841548315232528,1.0,0.8284,1.166429587482219,1.0347800237812128,1.0528455284552845
119,226,256,256,84.3587786259545,1.964624676445211,2.031200423056584,1.1489686783804431,1.098484848484848,1.0800689825080072,1.0314009661835748,1.0312650312650313,0.7231237322515212,0.9109589041095889,0.897844634036821,1.1845875822899186,1.1845875822899186,1.1851851851851858,0.925390266299357,0.8706038487060386,1.2795698924731183,1.0800689825080072,0.9696545284780576,0.8303979125896932,0.8182991076228361,1.2794947594732597,1.031340405014465,1.015509424958244,1.185377236193933,1.0710382513661199,1.0528455284552845,1.0,0.8005245901639345,0.7345433919455471
2399,452,256,256,37.2723214285714,1.816499745374299,1.3204382060938036,1.4513888888888888,0.9695211300627162,1.2030324721806467,1.2035623409669214,0.7459893048128341,1.1489686783804431,0.8544558889386477,1.015509424958244,0.9117297572568324,1.166442609307983,1.2604166666666667,0.9695211300627162,0.9548402037980549,1.0635114503816796,0.9259005927952575,0.9259512417407156,0.9095547309833023,1.0,0.7815470251535996,0.8568360773085182,1.015509424958244,0.7122881142799659,0.9337860780984719,0.966388968687159,0.9179983179142136,1.1665612148054412,0.9162730785744955
2054,259,256,256,39.03428571428569,1.4982311320754715,2.1038843721770557,1.2817855449434397,1.4727272727272722,0.9695550351288057,1.1137500000000002,0.9401438848920867,1.0473243538405534,0.8835125448028673,1.0,1.0799704724409447,1.0800689825080072,0.8312327581543788,1.1137499999999996,1.1845875822899186,1.09672619047619,0.7936944561997463,1.1310896829898534,0.8835125448028673,0.9114893617021275,1.0634765624999996,1.096816235337926,0.8841548315232528,1.3617391304347826,1.1082414617223035,1.2281999187322226,0.9663285128426506,1.0527422990232906,0.966192299357076
1688,331,256,256,45.02116402116396,1.5321406913280775,1.59342665855143,1.4791390240306646,1.1313131313131315,0.8976377952755906,0.9548872180451129,1.0,1.0970149253731345,1.3423423423423422,0.9548767788962168,1.13184584178499,1.1664106502816176,1.149101567478017,0.8311688311688314,1.0,0.8841548315232528,0.9548872180451128,1.0473243538405537,1.0967741935483872,0.9847220589963569,0.81859167024474,1.0,1.0,1.0,1.0,1.0526236881559219,1.0172439204126749,1.2966030082812234,1.0708232445520582
936,367,256,256,86.99483204134397,1.585585585585586,1.6029684601113177,1.1337448559670782,0.8841612831365563,0.9548924358084665,1.1498271225509027,0.8698553948832033,1.2405975279264991,0.9846824555202076,1.096744186046512,0.8560035445281347,1.1313131313131315,0.7692147034252296,0.9259428050586763,0.897844634036821,0.7345719973457198,1.1137784446111525,0.8442096088898572,1.0474972597734744,0.8841031927341616,0.9106733852496562,0.8706038487060386,0.8835125448028673,0.8059701492537316,1.0347903657448707,1.166798669412324,1.0349462365591398,1.4088050314465408,0.8871900826446281
1289,5,256,256,26.17605633802817,1.326086956521739,1.4738990959463403,1.4088050314465412,1.0800000000000003,1.2604166666666667,1.3428174878556554,1.0969365562666997,1.047244094488189,1.0800689825080072,0.8974647887323949,0.8705609027547296,0.9258244893301382,0.8572683355292053,0.8840579710144928,0.8569542253521124,1.0472555434387494,1.0,1.0800000000000003,0.9403122130394861,0.8438694180587403,0.844175656532636,1.0634804370383935,1.015509424958244,0.9548872180451128,1.070909090909091,1.0526236881559219,1.3382653061224492,1.0,1.017249004865104
1168,270,256,256,74.57314148681081,1.631265664160401,1.7170668397144717,1.0313158687142425,1.0799803125384517,1.0799803125384517,1.015509424958244,1.0,0.7459893048128342,1.1492537313432842,0.9257736667808608,1.1485902971805946,1.0801776242753178,1.1664,1.113778444611153,1.096744186046512,1.0,1.031255635030354,0.8701298701298698,0.8185332331150007,0.8572134658685266,1.0634804370383935,1.0,0.8974647887323941,1.2804179305695988,1.017249004865104,1.166429587482219,0.9179983179142135,0.7733729338842975,1.1475409836065575
1652,131,256,256,43.656249999999936,1.5730354157166737,1.494405031814525,1.2622025010084712,0.8841548315232528,1.0155057251908397,1.0473243538405537,1.1850174666839173,1.115953109072375,0.8050243719535058,1.1137500000000002,1.015503875968992,1.1312220049208253,0.9259428050586763,1.0801183286084062,1.1489686783804431,0.8573309920983322,1.131222004920825,0.7574626865671641,0.9696704578594344,0.9258667883211676,1.015503875968992,1.063666972757882,0.9696828358208955,1.0969365562667,1.2502879710383414,0.9336028942328154,0.9500071214926651,1.363103448275862,1.0892857142857142
314,497,256,256,40.42355889724306,1.9840497431738304,1.9975584234391344,1.221697494424767,0.76957564383276,0.8703457446808508,1.1162196679438057,1.1666666666666665,1.279663865546219,1.064484126984127,0.9403087872352639,1.031368763950051,0.844175656532636,1.0801776242753176,1.015587529976019,0.8311688311688314,1.1878119254005775,0.8840579710144928,1.4708780063749642,1.3419158361018826,0.9403087872352639,0.7460676467564509,0.9846824555202076,1.031368763950051,0.8705035971223022,1.1466509988249118,1.054511570119584,1.2281999187322226,1.0528455284552845,1.1875000000000002
795,180,256,256,41.72727272727262,2.094982078853047,1.5490196078431369,1.5942857142857139,1.2408522464103753,0.984714873603762,0.8699999999999999,0.9847274436090224,0.9541715628672152,1.1666666666666665,1.0156739811912225,1.221784776902887,0.9696969696969698,1.0312781954887216,1.448179271708684,0.870646766169154,1.1137499999999996,0.8841354723707668,1.361739130434783,1.1488549618320612,0.6798975672215106,1.0970149253731343,1.1311475409836065,0.8836363636363634,1.3197376511580245,1.0347903657448705,1.0348214285714286,0.8422649140546006,0.9336028942328156,1.207983193277311
1780,345,256,256,32.449426485922814,2.031200423056584,1.5559373806796484,1.2032440883330078,1.2995391705069128,1.3612114476243402,1.260625501202887,1.096744186046512,0.8830606622814414,1.166495901639344,0.7120563805688395,1.166495901639344,1.1494252873563218,1.1141352063213348,0.954481792717087,1.0156268782305566,1.184754521963824,0.9548767788962166,0.8302040816326532,1.0,0.9548140424052829,1.0473588342440803,1.242909576242909,0.9846135637353532,1.131420989448411,1.0713142857142857,1.017249004865104,1.1080665024630543,1.0352941176470587,1.1466050591275745
131,149,256,256,131.00000000000045,1.6844919786096257,1.8395429706905115,1.3445389873064586,1.1665705682619,0.9398948159278737,1.2421984163949698,0.9259428050586761,1.0968703427719824,1.0,1.1310896829898531,0.7122302158273379,0.8060528559249789,0.9402985074626867,1.0,1.0801776242753176,1.0155149779209929,1.0,1.3016653016653017,0.9548872180451128,1.015503875968992,1.0643604183427189,0.7937162805458584,1.015522388059702,1.0799803125384517,0.949857142857143,1.1468926553672316,0.966388968687159,1.3380928097909233,1.0526315789473681
346,129,256,256,72.30023640661966,1.5631623733271451,1.888888888888889,1.321848566123375,0.9259512417407156,1.0312650312650313,1.642619911948714,1.0155428024868487,1.2033898305084747,1.1138211382113823,0.911489361702128,0.897706834532374,1.0,1.0,1.0312650312650313,1.0634920634920635,1.3445389873064586,1.1138211382113823,1.279795534032822,1.1310896829898534,1.0637919401337177,0.7461459403905448,1.1487603305785123,0.897844634036821,1.0800689825080072,0.9337860780984719,1.3648964740535388,1.0,1.0348733233979133,0.9336734693877551
2572,385,256,256,79.32098765432124,1.688493018777083,1.5502229612274208,1.3484271406404285,1.2033898305084743,1.184754521963824,0.8973607038123165,1.080745341614907,1.0799704724409447,1.1845875822899186,1.0,0.9847220589963569,1.0155057251908395,0.7815470251535998,0.9696969696969698,1.0634804370383932,0.9256463051933193,0.9547038327526135,0.9847220589963569,1.1138781128769866,0.9696704578594338,0.9118046132971509,0.9548924358084665,1.2251532107647218,1.0800000000000003,0.8870967741935484,0.9180557501050567,1.0350956130483693,1.0526315789473681,0.8867533185840706
1917,32,256,256,42.33333333333328,1.341537610619469,1.4332705405013766,0.8177111422715996,1.2031249999999998,0.9696916710380604,0.8698553948832036,0.9547826086956521,0.8978446340368208,0.9847220589963569,0.8055555555555556,1.2031249999999998,0.793585265163544,0.8563853292090147,0.9402573529411765,0.8058977230309816,0.8698553948832036,1.0635114503816794,0.9847058823529413,1.2799650043744535,1.0800000000000003,0.9847274436090224,0.8059701492537316,1.0647571606475714,1.0,0.9024932286964372,0.9659760087241005,1.1866028708133969,0.8572203389830508,0.9338609383832674
1796,412,256,256,46.49999999999989,1.6842105263157896,1.7548387096774194,1.592660132208799,1.0637254901960786,0.9116847826086956,0.844175656532636,1.2799650043744533,1.0312951372171404,0.9695550351288057,1.1310483870967738,1.1313131313131315,1.221610280618935,1.2795135389370424,1.0637254901960786,1.0155707270331777,1.2598960415833669,1.2799650043744533,1.015522388059702,1.031340405014465,1.472246439988375,1.0472727272727278,1.1310483870967738,1.031315868714243,1.1140350877192982,0.8719211822660099,1.2283669486011712,0.949248120300752,0.9499643620812541,0.9335227272727271
748,348,256,256,44.33333333333328,1.6294907841299597,1.5291723202170966,1.2817855449434397,0.8704318936877077,1.1855937702790398,1.0967441860465115,1.1667842709602922,0.7932569974554707,1.0315208825847129,0.8436132983377078,1.0,0.9548767788962168,1.1853772361939334,1.047238372093023,1.0636163445069735,1.2406611570247932,0.9117896522476676,1.1138781128769866,0.8838443066957057,0.9696916710380604,1.0472727272727278,0.7574626865671643,1.2421984163949698,1.0,1.070780399274047,0.9663018433179722,1.0,1.0,0.886328938237335
686,72,256,256,35.04761904761904,1.472246439988375,1.3433416736169037,1.4271428571428568,0.9402985074626866,0.9402573529411765,0.81859167024474,1.4484369385555156,1.0967201934403867,1.0155057251908397,1.2813852813852817,1.0,1.1139494114700728,1.1664,0.8181818181818181,1.0800689825080072,0.8313148788927337,1.047399124939232,1.1310236220472445,1.0155057251908397,1.1313131313131315,0.9400921658986173,0.8841354723707668,1.4271428571428568,0.8439716312056736,0.8573170731707318,1.0,1.146788990825688,0.827641623141824,0.9498571428571427
1267,463,256,256,61.11278195488744,1.4353523587652883,1.6500000000000001,1.2407407407407405,1.0,1.1669234720082178,1.0973236009732361,1.0801776242753178,0.9402264497959651,0.9696704578594338,0.7692147034252298,1.0637254901960782,0.954861111111111,0.9847148736037625,1.0967261904761902,1.0472727272727278,0.8978102189781021,0.9847220589963569,1.1137357830271213,1.0,1.1670843776106938,0.8978446340368208,0.9258667883211676,1.2407407407407405,1.166410650281618,0.9499358151476249,1.0,0.8573170731707318,0.9662337662337663,0.8721398811556588
1394,113,256,256,95.41734417344209,1.383480825958702,1.806640952540668,1.4770992366412212,0.9847310312426591,1.1143790849673205,1.3653994800084324,0.8976377952755906,0.7937162805458584,0.8185332331150006,1.0,1.166410650281618,0.9696828358208955,1.096816235337926,1.0,1.0,1.1518691588785048,1.1310236220472445,1.166495901639344,0.8312327581543788,1.0,1.0634920634920635,1.1141352063213346,1.2224269544617006,0.9548767788962166,1.0173564753004005,1.539269911504425,1.0172413793103448,0.9180557501050567,1.0
700,91,256,256,91.10582010582043,1.3685068386365242,1.3907256333190205,1.3617391304347826,0.870646766169154,1.0472555434387496,0.8572134658685265,1.031437035245753,0.8700000000000001,1.1488549618320612,0.9847148736037625,1.0155558214670335,0.940226449795965,1.1310236220472438,0.984714873603762,1.1137357830271215,0.756971490886431,0.9547458807147832,0.7811447811447811,1.3823529411764703,0.9259428050586763,0.7937162805458584,0.8442096088898572,0.8060218491873167,0.9696704578594338,1.146708463949843,0.9830508474576272,1.2930372349307067,0.8424030172413791,1.0529092553512212
817,303,256,256,57.6885245901638,1.6262626262626263,1.6822519083969465,1.640640640640641,1.1138211382113823,0.9695853073638652,0.9540798304486049,0.8303979125896932,0.8571428571428572,1.1137784446111525,1.2406134320465363,0.984732824427481,0.9403087872352637,1.3631538515259445,0.9402985074626866,0.8572134658685266,0.7449664429530203,1.0,1.0634920634920633,1.0472956585010913,1.0968703427719821,1.0634920634920633,1.031255635030354,1.1867084475780127,0.925925925925926,0.8276416231418238,0.8409785932721715,0.8558126797206629,1.0172413793103448,1.0527422990232909
1778,167,256,256,167.81415929203598,1.8035133376707873,1.3636363636363633,1.3405017921146953,0.9696828358208955,1.0800000000000003,0.8978790259230166,1.015587529976019,1.0635386119257086,0.7798941798941799,1.3834808259587017,1.2606255012028869,0.8978102189781021,1.1137784446111525,0.8978790259230167,1.0155038759689923,1.1140350877192982,1.1488549618320612,1.1137784446111525,0.8555555555555556,1.2232201822744684,1.1672671127123007,0.9696969696969698,1.2795698924731178,0.9259428050586763,1.0172413793103448,1.017249004865104,1.227977591946091,1.1866773035500595,0.7996047430830038
696,401,256,256,38.59803921568622,1.8167989417989416,2.53892455858748,1.282225237449118,1.202966432474629,1.1853772361939334,0.9402985074626866,0.7684894196522104,1.2994579945799458,0.8442096088898572,0.9402573529411762,0.9115646258503401,1.0480295566502462,0.9696828358208955,1.031340405014465,0.9259512417407156,0.8840579710144928,1.5416666666666663,1.4489531620979927,1.0474452554744522,0.8841354723707665,1.1137357830271215,1.1326530612244898,0.9118046132971509,1.0636163445069733,0.966350301984469,0.9499000856408791,0.9332239423557107,1.2279775919460907,0.8573170731707318
2630,180,256,256,42.33333333333328,1.6234529702970297,2.082450900533985,1.8780817291455583,1.6147978642257819,0.9546036549877781,1.031315868714243,0.9548767788962168,0.9258244893301382,0.7577263550240722,0.9402985074626866,1.09672619047619,0.9847274436090224,1.0472555434387496,1.2611490558457212,1.3403610307289517,0.9695853073638652,1.0312951372171404,0.8978790259230166,0.8975571315996848,1.0312499999999998,1.0312499999999998,0.9258244893301382,1.0472555434387496,1.1858349577647824,0.8717105263157892,1.1666666666666665,1.0173128144421426,0.9339029729538876,1.053246359223301
898,65,256,256,64.00000000000023,1.610137672090112,1.517452541334967,1.2411714039621018,1.2817855449434397,1.2035623409669214,1.1485714285714288,1.0475551761980244,1.221697494424767,1.079980312538452,1.0,0.8706324635117204,0.830985915492958,1.0,0.8841548315232528,1.031255635030354,1.1137357830271215,0.9546036549877778,1.0155707270331777,0.9401886358408097,0.9402985074626866,0.9117647058823528,1.0,1.113778444611153,0.9259512417407156,1.3877551020408165,1.0172668240850058,0.9023915461624027,1.09,0.9338842975206613
482,9,256,256,46.43010752688165,1.4323308270676691,1.507202881152461,1.184754521963824,1.131545661522894,0.7809949986838642,0.9548872180451129,1.0636669727578816,1.2601040416166465,1.0312556350303541,1.1310483870967738,1.1140350877192982,1.0635386119257086,1.0312481221080463,0.9696828358208955,0.6590577950461388,0.7812713602187287,0.9548611111111106,1.0472555434387496,1.015509424958244,1.0800295493720757,0.8841548315232528,0.8835125448028672,1.0312481221080463,0.9847220589963569,1.1696198453608246,0.918032786885246,1.08962770032174,0.917744656917885,0.9337345132743362
1537,311,256,256,58.352941176470786,1.4306495751116233,1.5044776119402992,1.0979099981171156,1.015509424958244,1.1494252873563218,1.1665705682619,0.8573388203017831,1.0312481221080463,1.031368763950051,0.8442265795206971,1.0635114503816796,0.8185332331150007,0.9256463051933199,0.9847310312426594,0.9117896522476674,1.1665705682619,0.9402813666379556,1.096744186046512,1.0804156872448343,0.9548402037980545,0.8705609027547295,1.0970149253731345,0.8838443066957057,1.1851851851851858,0.9499857509261896,1.127173913043478,1.1669573489773273,1.07086077674313,0.9338609383832672
1219,49,256,256,51.79069767441848,1.6862901935690287,1.2635847526358475,1.329577464788733,0.9118046132971509,1.096816235337926,0.7936944561997463,1.0472727272727278,1.015503875968992,1.6989247311827962,0.8438694180587398,1.0,0.9117297572568324,0.8702450926028614,0.9118046132971509,1.1138781128769866,0.8441247002398083,0.8841354723707668,0.8704318936877077,0.6555784515749192,0.9847310312426591,0.8978790259230166,0.8313057583130575,0.925569678231994,0.8572683355292053,0.9180557501050567,1.0349071380622064,1.0347903657448705,0.9830508474576272,0.7563927386297092
1799,291,256,256,33.46560846560844,1.71468995068316,1.3037383177570092,1.3000271517784419,0.818181818181818,1.0473243538405534,0.870646766169154,1.1845161290322581,1.0312781954887216,0.8438694180587398,1.0,0.9847274436090224,0.7695035460992906,1.1485902971805946,0.7459893048128342,1.096816235337926,0.870646766169154,1.3198469108802617,0.9696350364963502,1.0312481221080463,0.984714873603762,1.0312781954887222,1.1143790849673205,0.9696704578594344,1.2799650043744533,0.9023915461624027,1.0709682311016755,1.2493851451057547,0.8426890756302523,1.1865582396555847
2610,48,256,256,39.64055299539168,1.873655913978494,2.378446115288221,1.131545661522894,0.9401438848920867,1.1316872427983542,1.0474972597734749,1.1137357830271213,1.0155057251908397,0.9259428050586761,1.148590297180594,1.1137784446111525,1.204241948153967,1.015522388059702,0.8060218491873169,1.0476190476190477,1.2219012605042017,1.0634804370383935,0.9258667883211676,0.7932569974554707,1.1845161290322581,1.0472956585010913,0.7571606475716066,1.0473243538405537,0.883999776922648,1.0901525658807214,1.0349462365591398,0.7729331090697373,0.8566371681415927,1.0526710684273712
2601,219,256,256,64.00000000000023,1.7871052200949107,1.722222222222222,1.3433416736169037,1.4507693419056567,1.015587529976019,1.1165023684547433,1.1861009890681935,0.7929276839757885,0.8571428571428572,1.0,0.9548140424052831,0.9259005927952575,1.0,1.1845875822899186,0.8312327581543788,0.8177111422715996,1.13184584178499,0.9396331553285348,0.984732824427481,0.8705035971223022,1.0634920634920635,0.9117647058823528,0.8572683355292053,1.0799704724409447,1.0,0.746268656716418,1.108166409861325,0.7732558139534882,0.8005245901639343
1232,344,256,256,72.30023640661966,1.9885057471264365,2.325403568394223,1.2442297369833606,0.8305729025251153,0.9116847826086956,0.9116847826086956,1.2411714039621018,1.0473588342440803,1.0634804370383932,0.911489361702128,1.0,1.2256341789052072,0.9401886358408096,1.4262295081967213,1.1146817895400127,0.9547826086956525,0.9847310312426591,1.0636163445069733,0.9696916710380602,1.0,1.0800000000000003,1.3865760407816485,0.8840579710144928,1.4262295081967213,1.0,0.9176520270270269,1.0172413793103448,1.1273518892862697,0.8279871692060946
436,34,256,256,110.57142857142898,1.873655913978494,1.5010005187875193,1.282225237449118,1.2797955340328218,0.9696916710380604,0.8305729025251153,1.2031249999999998,0.984732824427481,1.0312951372171404,0.91156462585034,1.0635386119257086,1.0,0.9847220589963569,1.0967261904761902,0.8312327581543788,0.9696704578594344,0.8307291666666665,0.9548872180451128,0.8706467661691545,0.781512605042017,1.1664106502816176,1.148854961832061,0.8706467661691545,0.9401886358408097,0.8425196850393699,1.207246376811594,0.9830262585231394,0.8870967741935484,1.089449541284404
1605,459,256,256,48.699248120300645,1.52,1.6553911205073988,1.2216393442622953,1.2226613965744404,1.1137357830271213,1.0313158687142425,1.0,0.9402813666379558,1.0312481221080463,0.9847274436090224,1.0155223880597015,1.5653021442495128,1.1311475409836065,0.8706038487060386,1.0,0.8060218491873167,1.0155057251908397,0.9847310312426591,0.8704318936877077,0.9847274436090224,1.1664,1.0805152979066024,1.0968703427719821,1.0800689825080072,0.8870967741935484,0.9024729091414281,1.0172566371681415,0.8424030172413791,1.017249004865104
123,103,256,256,30.54545454545455,1.482768865121806,1.5835913312693495,0.9845916795069333,1.2407407407407405,0.8573075023324734,0.9696969696969698,1.13184584178499,0.7804054054054054,0.7461198478774799,0.9259512417407156,1.221610280618935,0.8573309920983319,0.8056904927133933,0.9545454545454544,0.7460676467564509,0.984732824427481,0.9259005927952575,1.1486280487804879,1.0,1.063538611925709,1.0,0.81859167024474,0.818181818181818,1.0314009661835748,0.7474285714285716,0.772225827384815,0.9499358151476249,0.8426890756302523,0.9495327102803734
1953,142,256,256,52.36363636363654,1.8287895310796076,2.3194029850746274,1.460075204600752,1.404640633842671,0.9846824555202075,1.0816890787985425,1.047764849969382,0.9548767788962166,0.8175143073102255,0.9694423223834985,1.096744186046512,0.8978790259230167,1.1679478069892124,0.9400921658986173,0.9400334428876204,0.8696959572335451,0.830985915492958,0.76890097249817,0.8695215791234526,0.7812713602187285,0.9402813666379558,1.131545661522894,0.8841031927341616,1.2029136316337148,0.8005507474429583,0.9659760087241005,0.8284,1.0172413793103448,0.812899786780384
436,70,256,256,38.59803921568622,1.8716788198809826,1.1337448559670782,1.6473700591347644,0.6694053208137712,0.9696916710380602,1.3402672544427607,1.0314769975786924,1.2033898305084743,0.9548611111111106,1.0473991249392318,1.0637919401337175,0.7574626865671641,0.8048048048048048,0.7932569974554706,0.9402813666379558,1.3611361900131955,1.0,0.8571428571428572,0.8185721953837894,0.9696545284780576,1.202926829268293,0.7574626865671641,0.87012987012987,0.9112021857923495,1.0707803992740468,1.338783852835973,1.0349906542056073,1.3168316831683167,0.9663793103448278
557,342,256,256,50.9435028248587,1.4271428571428568,1.6181929743825743,1.4306495751116233,1.1310153691106068,1.0155149779209929,0.8978675645342316,1.0634920634920633,1.2795698924731183,1.3402203856749308,1.1142498430634027,0.9847058823529413,0.9400334428876204,1.1310896829898531,1.0967261904761902,1.063573568066508,1.1851851851851858,0.9548872180451128,1.0,1.0969365562666997,1.2409957627118644,1.0312781954887216,1.1138211382113823,0.9548767788962166,1.0634920634920635,0.9024729091414284,0.8427419354838712,0.8720612356478951,1.146788990825688,0.9337860780984718
479,420,256,256,43.49394673123485,1.7756813417190778,2.2043864624692757,1.475354687728536,1.3218485661233754,0.8573309920983319,0.9399676749018704,1.0979099981171152,0.9847148736037625,0.91156462585034,1.0156268782305566,1.0476190476190477,1.015503875968992,1.184754521963824,0.8691275167785235,0.9696545284780576,0.8702450926028614,0.9691156381778226,1.0634920634920635,0.7461459403905448,0.8837469260004471,1.0315208825847124,1.113778444611153,0.9548767788962166,0.7565163102856252,0.8427419354838711,1.089861751152074,1.3384955752212393,0.9663865546218487,0.7346771653543308
909,248,256,256,32.54195011337864,1.8944453767410645,1.831829368334701,0.9547038327526135,1.3406896551724141,0.9547826086956521,1.6925186055620838,1.3402203856749308,0.9117896522476674,0.9547038327526134,0.8430985297344745,1.1491015674780172,1.4939715016441357,0.8704318936877078,1.1318458417849901,1.0635114503816794,1.614797864225782,1.1846590909090906,0.8185721953837894,0.9400334428876204,0.9395313681027969,1.0,1.280417930569599,0.8184747583243825,0.7692147034252296,1.1664032869785081,0.9016737866797394,1.315231118969437,0.9024932286964376,1.249140049140049
1534,403,256,256,42.98966408268728,1.3459383753501397,1.4718350754936123,1.4364963503649635,1.114523030455575,0.7684894196522103,0.9399676749018704,0.8951612903225807,0.9847310312426591,1.4275704275704273,1.047238372093023,0.7695035460992906,1.0155428024868487,0.8573075023324734,0.7010298970102988,0.9847310312426591,1.0314769975786926,0.6774193548387097,1.2411714039621018,1.44972972972973,1.096744186046512,0.8841354723707665,1.0155428024868487,1.0,1.0804156872448343,1.0348214285714286,0.7733729338842975,0.7959758551307851,1.249753694581281,1.362634524321997
2392,375,256,256,71.28455284552872,2.184402332361516,1.4342774146695707,1.4871103117505995,1.0155057251908395,0.8978446340368208,0.793388429752066,1.0,1.42604730692505,0.9117896522476674,0.7937162805458584,1.6923558897243107,0.7936507936507935,1.1487603305785123,0.897844634036821,0.8060528559249787,1.0315208825847124,0.9400921658986173,1.221697494424767,0.870646766169154,1.031368763950051,1.261815252416756,0.8573388203017831,1.221697494424767,1.1138781128769866,0.9180672268907566,1.2725684333139196,0.9496846330275228,1.0,1.052789893217025
46,352,256,256,71.28455284552872,1.5543710021321966,1.81136568941447,1.387288977159881,1.2406611570247936,1.131222004920825,1.1138781128769866,1.3239875389408096,1.1310153691106068,0.9696119682094438,1.096816235337926,0.9847220589963569,1.1486280487804876,1.0312781954887222,0.9695853073638652,0.9403087872352637,1.148854961832061,0.8313057583130573,1.1310153691106068,0.8705609027547296,1.5188470066518844,1.2622025010084712,0.9113082039911309,1.1140350877192982,1.1665705682619,1.108166409861325,0.9499857509261899,1.1468926553672316,1.0349071380622061,0.9499643620812541
109,280,256,256,50.999999999999886,1.5306122448979589,2.1131924003211133,1.2042419481539672,1.384778012684989,0.793585265163544,1.2416196481911717,1.0,1.4258652613587808,0.856836077308518,1.0,1.0971055088702142,1.0982800982800982,0.7457539886773032,0.9548767788962166,0.8706467661691545,1.0155057251908395,1.1142498430634018,1.185017466683918,0.7812713602187285,0.8439716312056736,0.8978675645342311,1.4057600907994607,0.9118046132971509,1.096744186046512,0.7603226425965047,1.0,0.7868159042103205,0.8855345911949687,0.7601383817028636
2766,8,256,256,91.10582010582043,2.0546241211465652,1.465845464725644,1.0816890787985425,0.8182991076228365,1.080326248146317,1.6199999999999997,1.031368763950051,1.1310896829898534,0.9548140424052831,0.883746926000447,1.2411714039621018,0.9546564352982212,0.7929276839757885,0.9114039073148572,1.0155428024868485,1.0967441860465115,1.0474452554744522,1.2216102806189355,1.0634920634920635,0.925773666780861,1.0312481221080463,0.9546564352982212,0.843287671232877,1.2409957627118644,1.0,1.186558239655585,0.7218120385433612,1.070775047258979,1.0
1340,62,256,256,48.432432432432606,2.0339342523860027,1.727931488801054,1.4275704275704273,1.0314009661835748,1.4738990959463403,1.1315456615228943,0.818181818181818,1.0312781954887216,0.9117896522476676,1.3214285714285714,1.166442609307983,0.9846824555202076,0.8175143073102257,0.8572683355292052,0.9696704578594344,0.8569542253521127,0.7233201581027666,1.3200000000000003,0.8572134658685265,1.0318003913894325,0.8706038487060385,0.7233201581027668,0.9847148736037625,1.0155707270331777,1.1865582396555847,0.9176520270270269,0.8419239343376342,1.3157894736842106,0.9499857509261899
2682,323,256,256,41.72727272727262,1.3286286075416056,2.0632497273718653,1.306518723994452,0.8973607038123165,1.0313404050144646,0.925569678231994,0.9117896522476676,1.0312951372171404,0.8972448057813911,1.0811688311688308,0.7234042553191491,0.897844634036821,1.0,1.0967741935483868,1.1676986584107325,0.9399676749018704,1.2416196481911717,0.9118046132971509,0.8972448057813911,0.7812713602187285,0.9695211300627162,1.0635114503816796,1.0314769975786924,1.3828892005610096,1.0349906542056073,1.0,1.034803301851714,0.8427736343479135,0.7727272727272727
1498,18,256,256,42.98966408268728,1.7548108825481084,1.7103254319003613,1.1508704061895552,0.9847148736037625,1.096744186046512,1.2032440883330078,1.361136190013195,1.0472383720930232,1.0155428024868487,0.9847310312426591,1.2795135389370424,0.9847328244274809,0.9546564352982212,1.0,0.9259005927952577,1.1848739495798322,0.8969772444243179,1.0155057251908397,1.1486280487804876,1.047238372093023,1.340361030728951,1.2810241167330947,0.8310865681338316,0.9696545284780581,1.0708607767431297,0.8572783952290595,1.0173822611796166,0.872,1.052702702702703
2239,467,256,256,84.3587786259545,1.6649616368286446,1.5515151515151522,1.0968703427719821,0.9117896522476674,0.8974647887323941,1.1485902971805946,1.2598960415833669,1.1143790849673205,1.4264726857794896,0.8182991076228361,1.0155428024868485,1.0,1.148684712161647,0.984714873603762,1.1310236220472438,1.0799704724409447,0.8560035445281347,0.8573309920983319,1.0473243538405534,1.1667842709602922,0.793694456199746,1.0,0.93996767490187,0.9117896522476674,1.07086077674313,1.127173913043478,1.0173333333333332,0.8871745419479267,0.9496124031007751
1601,20,256,256,64.00000000000023,1.4267770482443616,1.704719387755102,1.5660660660660657,1.0,0.9257736667808608,1.202966432474629,0.9695211300627162,0.8311688311688314,1.166495901639344,1.0634920634920633,0.8698553948832033,0.9258667883211676,1.1313131313131315,0.9254843517138596,1.0639488409272586,0.9847148736037625,1.2219012605042017,0.91156462585034,0.9847310312426594,1.3008849557522124,1.2029136316337148,1.0155057251908397,1.0970149253731343,0.856836077308518,0.8715785140975508,1.0526710684273708,0.9022556390977442,1.0348733233979137,1.0526236881559219
1678,403,256,256,55.9354838709676,1.282225237449118,1.2063492063492067,1.299539170506912,1.405328798185941,1.6697892271662762,1.0635114503816794,1.096816235337926,1.20680055677073,0.6686274509803921,1.221610280618935,0.8573309920983322,1.0314769975786924,1.0,1.0,0.9846680033022762,1.0799999999999998,0.969698735504924,0.9846335697399528,1.0,1.1137784446111525,0.793585265163544,1.0,1.015531660692951,1.131545661522894,1.1665612148054412,1.034803301851714,1.0892584681110773,0.8572203389830508,0.9663793103448278
230,495,256,256,25.374999999999993,1.580089244499154,1.5468749999999996,1.4718350754936123,0.9548140424052829,1.382513661202186,1.0473243538405534,0.954861111111111,0.9694423223834985,0.897844634036821,0.856701940035273,1.0,1.09672619047619,0.8060631893015076,0.9548140424052829,0.954656435298221,1.1138211382113823,0.9116847826086956,1.0,1.1310896829898531,1.0,1.0970149253731345,1.0155057251908397,0.8060631893015076,0.8573075023324734,0.9335227272727271,1.2281999187322228,1.1271541686073592,0.9179523141654978,0.9499857509261899
928,499,256,256,52.36363636363654,1.2813852813852817,1.384778012684989,1.2827047230716955,1.1664106502816176,1.1845161290322581,0.9846135637353534,1.1313131313131315,0.9548402037980549,0.9847148736037625,0.5813397129186603,0.8311688311688314,1.3419158361018824,0.9548611111111106,1.1664106502816176,1.1494252873563218,0.925569678231994,1.2994579945799458,1.1310236220472445,1.282225237449118,0.7459893048128342,0.9403122130394861,1.0312481221080463,0.9259259259259257,0.9400921658986173,1.0173128144421426,0.8867533185840708,1.070909090909091,1.0172566371681415,0.9663285128426506
984,413,256,256,54.216374269005776,1.9393548387096775,1.4588235294117649,1.3210537147561225,0.9548767788962166,0.8695215791234526,0.9250547676697796,1.2598960415833669,0.9696916710380604,1.031315868714243,1.0808759487370907,1.0312781954887216,1.13184584178499,0.8570564626972345,0.9548767788962166,1.13475866537091,1.1150442477876106,1.166495901639344,0.9259512417407156,0.9400334428876204,1.1322145944571573,1.0967441860465115,1.0972083748753734,1.113778444611153,1.0634804370383932,0.9174311926605503,1.536697247706422,1.249180865006553,1.0707964601769913,1.1466050591275745
1573,31,256,256,59.25925925925945,1.5769819406183045,1.4588235294117649,1.4802719077877944,1.1682194616977226,1.1310483870967742,1.3838582677165354,1.2602428933671423,0.856836077308518,1.0972083748753734,1.204523107177974,1.1139494114700728,0.793694456199746,1.1141352063213346,1.3838582677165352,0.7927295918367346,0.8976377952755906,1.0799704724409447,1.0316205533596836,1.0155428024868485,0.8060218491873167,1.1313131313131315,0.9696545284780576,0.9118046132971509,1.261815252416756,0.9338609383832674,1.1273518892862697,1.1271541686073587,0.9335227272727271,0.9829991281604186
45,14,256,256,35.59105779716465,1.7015873015873018,2.276555566046644,1.3000271517784419,1.4049557522123892,1.4939715016441357,0.8836363636363637,0.9548924358084665,1.0968703427719824,0.8311688311688314,0.8440567066521265,0.9847148736037625,1.0637919401337177,0.8976377952755906,1.1137499999999996,0.793103448275862,0.9113082039911308,0.9548924358084665,1.0799704724409447,0.8839285714285714,0.9847328244274809,1.221697494424767,1.0,0.9258244893301382,0.9547826086956521,0.8719211822660099,0.9496846330275228,0.8719211822660099,1.0347903657448707,1.1088709677419355
605,204,256,256,27.0,1.5306122448979589,1.4353523587652883,1.2618152524167563,1.1142498430634018,1.063538611925709,1.2406611570247932,1.408805031446541,1.1139494114700728,1.0972083748753734,0.8704318936877078,0.870646766169154,1.0,0.9403087872352639,0.984714873603762,0.8703457446808508,1.0,1.6949685534591192,0.9846517119244392,1.0637254901960782,0.9400921658986178,1.0473588342440798,1.0800295493720757,0.7692147034252298,1.0802469135802464,1.2502879710383414,1.186558239655585,0.8847615027437739,1.1080332409972296,0.8871745419479267
191,157,256,256,70.19354838709701,1.474591121495327,1.4536532170119956,1.1855937702790398,1.2266934942991283,1.5442990654205606,1.1313131313131315,0.9694423223834989,1.1845161290322581,1.0,1.1664106502816176,1.0634765624999996,0.9548767788962166,1.015522388059702,0.9846135637353534,0.9847058823529413,0.9402573529411765,1.2032440883330078,1.0635114503816794,1.0,1.03129513721714,0.9847310312426594,1.0472555434387494,0.9847220589963569,0.7576636288318148,1.0892584681110773,0.9662702702702703,1.0,1.017279574656624,0.9830508474576272
1909,434,256,256,55.71223021582754,1.9545454545454544,1.7103254319003613,1.189655172413793,1.5914019258472973,1.1137357830271213,0.7815470251535998,1.1850174666839173,1.0971055088702142,0.8830606622814415,0.9547458807147832,1.0967741935483872,1.0635114503816796,0.7809949986838642,1.1139494114700728,0.9548402037980549,0.9846680033022762,0.9548924358084665,0.9548611111111106,0.9253902662993572,0.7577765126028674,1.0,0.9847328244274809,0.6903994046142397,1.0,0.9498571428571427,1.2928905206942594,1.1665612148054412,0.8720612356478952,0.9828872312417728
434,299,256,256,57.45985401459873,1.3484271406404285,1.5854946420251586,1.6473700591347644,1.1310896829898534,1.280701754385965,0.9694835680751175,1.0472956585010917,1.3831578947368424,1.0155057251908397,1.0,0.7461459403905448,1.031368763950051,1.3620161514898357,0.8060631893015076,0.8571428571428572,0.925569678231994,0.8706324635117207,1.064245119841858,1.0312499999999998,0.9258667883211675,1.015587529976019,0.9696350364963505,0.883746926000447,0.940226449795965,1.3153638814016173,1.1284705882352941,0.8427841977962913,1.4337157987643423,0.9499000856408791
2137,502,256,256,41.72727272727262,1.5742574257425745,2.02866186038333,1.2063492063492067,1.5416666666666665,1.149101567478017,1.0970149253731343,1.2794947594732597,0.897706834532374,0.9403087872352639,0.8973607038123166,0.9402985074626866,1.2599306851506267,0.8839285714285714,1.2031249999999996,1.1140350877192982,1.340220385674931,1.202966432474629,0.883999776922648,0.9259512417407156,0.7575757575757575,1.1138211382113823,0.8033814076594824,0.8059701492537314,0.7346938775510206,1.034782608695652,1.0903195924038904,1.0349906542056078,1.089861751152074,0.9025000000000003
1665,314,256,256,43.71428571428562,1.8600508905852418,1.448179271708684,1.5479039662828324,0.8572134658685266,1.1500577145055793,1.096744186046512,1.0,1.09672619047619,1.0967441860465115,0.781512605042017,1.1850174666839173,1.1848739495798322,0.9259005927952577,0.7577765126028674,0.8185721953837898,1.047238372093023,0.9545454545454541,1.1846590909090906,1.0155223880597015,0.9846517119244392,0.8310865681338313,1.2408522464103753,1.0,0.9846680033022762,1.1473435655253839,0.8864864864864865,0.966145833333333,0.9338983050847459,0.9016737866797394
1289,232,256,256,131.00000000000045,1.3037383177570092,1.4299065420560748,1.204523107177974,1.0967261904761902,0.8302040816326532,1.2600000000000002,1.2413793103448278,1.1310236220472445,1.0155038759689923,1.0,0.9696545284780576,0.8309859154929576,1.0473588342440798,1.221697494424767,0.756971490886431,1.0637254901960786,1.047244094488189,1.2602428933671423,1.0,0.8977642961465003,1.0155428024868485,1.047244094488189,1.0802469135802464,1.079980312538452,1.053246359223301,1.0350404312668466,1.186915887850467,0.8717105263157893,1.1666666666666665
1747,265,256,256,54.216374269005776,1.7580174927113703,1.6942590120160217,1.3548850574712643,1.149101567478017,1.031255635030354,1.3865760407816485,1.0801776242753176,1.4482758620689653,1.0634765624999996,1.0808759487370907,0.883746926000447,1.2219012605042017,1.0,1.063573568066508,1.0472555434387494,1.1340638092168869,1.1846590909090906,1.1318458417849901,1.09672619047619,1.3005575955392357,1.1485714285714288,1.015606242496999,0.7011494252873564,0.9259512417407156,1.0892584681110773,1.618521665250637,1.2707661790230598,1.0537190082644627,0.814199695626282
1674,329,256,256,53.1830985915495,1.5086913989013468,2.041135784492174,1.4732779962137763,1.9203539823008848,0.8706467661691545,1.015509424958244,0.7806254284659601,1.0312650312650313,0.7689009724981701,0.9846135637353534,1.0,1.0970149253731345,0.8975571315996846,1.569916855631141,0.9259428050586763,1.1489686783804431,1.1310896829898531,1.0312650312650313,1.0808759487370907,0.6093896713615026,0.9696350364963505,1.0636163445069735,0.8434592227695674,1.4536532170119956,0.9499643620812541,1.0526236881559219,0.9829991281604186,0.8717105263157893,0.9175475687103591
147,357,256,256,45.788321167883105,1.526552655265527,2.2385670731707314,2.0000874202290415,1.2406611570247936,1.2407407407407405,0.8705035971223022,1.0472555434387494,1.031255635030354,1.166495901639344,0.8442096088898572,0.9118046132971509,0.8307291666666665,1.1845399406375015,0.969521130062716,1.2797955340328218,0.9547458807147832,0.9117896522476676,1.0635114503816796,1.3402672544427605,0.8841031927341616,0.8058045241143833,0.9847274436090224,1.1138211382113823,1.0,0.9830361026533275,0.7603226425965045,0.950007121492665,0.872131147540984,0.9829991281604186
1517,155,256,256,63.310344827586064,2.1072852482783615,1.8629989212513482,1.0637254901960782,0.9847274436090224,1.0634804370383935,1.096816235337926,0.9846950788792088,0.8312327581543788,0.984714873603762,1.4938632378725887,0.9114039073148565,1.1670843776106934,0.9259005927952575,1.0472956585010917,0.8702450926028611,1.2224269544617006,0.8841031927341616,1.0,0.9402813666379556,1.031568722680913,1.1137784446111525,0.8684210526315791,0.793694456199746,0.9118095991859348,1.0,1.0,1.1082414617223038,1.0526710684273712,0.7981420039814202
74,343,256,256,69.12000000000023,1.6248062015503877,1.3002717391304346,1.5660660660660657,1.031368763950051,0.9402573529411765,1.1665705682619,0.8312327581543788,1.3210537147561225,0.9259512417407156,0.8699999999999999,1.0312481221080463,1.1137500000000002,1.1847545219638242,1.0155558214670335,1.240995762711864,0.9259005927952577,0.8705035971223022,1.4049557522123897,0.9548924358084666,1.1310236220472438,0.9259005927952577,0.8569542253521124,1.080246913580247,1.0474452554744522,0.8719211822660099,1.0526473676316184,0.9022556390977442,0.7342754400353291,0.8143839238498148
917,419,256,256,45.02116402116396,1.5086913989013468,2.018808777429467,1.5223214285714282,1.1310483870967742,0.8568360773085182,0.9847220589963569,1.404183154324477,0.8976377952755906,1.0156268782305566,1.0312650312650313,0.9258667883211675,1.1672671127123007,1.0,1.166495901639344,0.9116297513170566,0.9402985074626867,1.1318458417849901,0.8311688311688314,1.080415687244835,0.9115646258503401,1.031368763950051,1.0806251550483752,0.7690700104493209,1.0799704724409447,1.0892857142857144,1.1082414617223038,0.966145833333333,0.7868852459016396,1.0892857142857142
1645,304,256,256,74.57314148681081,1.6949685534591195,1.471492818801683,1.2447387884085257,1.0799803125384517,0.9846517119244392,1.2035623409669214,0.9845679012345679,0.8978446340368208,0.8565517241379308,0.8060218491873169,1.1666666666666665,1.166495901639344,0.9846680033022762,0.9847310312426591,0.8704318936877078,1.0,1.0,1.13184584178499,1.1137499999999996,0.8572134658685266,0.9398148148148148,1.166495901639344,0.9116297513170566,1.1486847121616468,0.966145833333333,0.857220338983051,0.9018181818181816,0.8005507474429583,1.0
646,174,256,256,54.23809523809511,1.6063432835820899,1.3246392896781354,1.2425373134328361,1.0801776242753178,1.1845161290322581,1.518004722550177,1.0634765624999996,1.2406611570247932,0.9696916710380602,1.0312650312650313,0.8573309920983322,0.9117647058823528,1.0,0.8573309920983322,1.0967741935483868,1.6661490683229814,0.9116847826086956,1.1485714285714281,1.0312481221080463,1.0967261904761902,1.015522388059702,0.8573309920983319,0.9402985074626867,0.9696828358208955,0.933223942355711,0.7333333333333335,0.8866279069767441,1.337977909940527,0.8718247175624785
2295,146,256,256,131.00000000000045,1.0332970480886214,1.4802719077877944,1.3631538515259443,1.4947306791569086,0.8312327581543788,1.114523030455575,0.9547458807147832,0.9547458807147828,1.0801776242753178,1.0799803125384517,0.9525027402265251,1.0,1.0799803125384517,0.93996767490187,0.9548872180451129,0.8978102189781021,1.299417423113399,1.0313404050144646,0.8978790259230167,1.096744186046512,0.5352786094106081,0.9118046132971509,1.0634804370383932,1.0968703427719821,1.127709340402308,1.0,1.1875000000000002,0.949935815147625,0.9022556390977442
2160,97,256,256,40.42355889724306,1.5502229612274208,1.3685068386365242,1.5490196078431369,1.063573568066508,1.2032440883330073,1.2416196481911717,1.2416196481911717,0.9695853073638652,1.1142498430634027,0.8978790259230166,1.1850174666839173,1.0155558214670335,0.8978102189781021,0.9696916710380604,1.0634804370383932,0.9847328244274809,0.8977642961465003,1.1138211382113823,1.2220470371830248,0.9403087872352639,1.0155057251908395,0.9258667883211675,0.8840579710144928,1.0969365562667,0.9338609383832674,1.017256637168142,1.089531680440771,0.9662702702702703,1.0173822611796166
994,81,256,256,65.31578947368406,1.9448818897637798,1.6190476190476186,1.3016653016653017,1.5962846877150063,0.9548402037980545,1.448662640207075,1.2599306851506262,1.525370453524921,0.8839997769226479,1.2611490558457212,1.047244094488189,0.7576636288318143,1.0800689825080072,1.1137357830271213,1.03129513721714,1.4947306791569086,1.13184584178499,0.9847310312426591,0.9117896522476676,1.3412073490813647,1.0,0.9402573529411762,0.8572683355292053,0.9548402037980549,0.9337345132743362,1.108166409861325,0.9024932286964376,0.7862595419847328,0.9338609383832674
1712,72,256,256,54.23809523809511,1.8449999999999998,1.9964349376114092,1.0312499999999998,1.185834957764782,1.0967741935483872,0.9118095991859348,1.3005575955392357,1.0634804370383932,0.8841548315232524,1.0155149779209929,0.9259259259259257,0.8839285714285714,0.8178879310344825,0.8978675645342311,0.9117647058823531,0.7340289499258351,1.113778444611153,0.9847328244274809,0.8442265795206971,1.0634920634920635,0.7575757575757573,0.9403122130394861,1.0799704724409447,1.131687242798354,1.127570093457944,0.8871745419479267,1.0892448512585808,1.0526315789473681,1.127570093457944
2606,22,256,256,133.03125000000045,1.5835913312693495,1.5020796197266786,1.6000000000000003,1.3228254121542393,1.0,1.0,1.279663865546218,1.3406896551724141,1.1485902971805946,1.1137500000000002,0.8706324635117204,0.8841354723707668,0.8978102189781021,0.8573075023324735,1.0,0.8975571315996848,1.2216393442622948,0.8436132983377076,1.0,1.0155057251908397,0.7344771241830065,1.0472727272727278,1.1487603305785123,1.0,1.0173128144421426,1.0,1.2934782608695654,0.9494454846608095,1.034782608695652
1395,398,256,256,47.2222222222221,1.678242439064156,1.3327408460718093,1.2039882314481858,0.984714873603762,1.280417930569599,0.8840579710144928,1.0634804370383932,1.3647586980920314,0.8573309920983319,0.8442265795206971,0.8570564626972348,0.7690700104493209,0.9403087872352639,0.9117896522476674,1.1496163682864453,0.7937162805458584,1.0634804370383932,1.0320987654320988,0.8313148788927337,0.8841548315232524,0.9256463051933199,0.793103448275862,0.9696916710380604,0.8573388203017831,0.586807928913192,1.089381207028266,1.1273518892862697,1.1298969072164946,0.7096774193548387
1776,103,256,256,247.3157894736851,1.4887218045112782,1.7510230281633632,1.8780817291455583,0.9846950788792088,0.9548402037980549,1.279663865546218,1.3493635077793498,0.9113082039911308,0.844175656532636,1.1140350877192982,0.9695550351288057,1.221697494424767,1.1485714285714288,0.9548140424052829,0.8573075023324735,1.0,1.0,0.8308668076109934,0.8706324635117207,0.8978790259230166,0.8976377952755906,1.361136190013195,0.7342056839092211,1.1679478069892124,0.8143471074380164,0.9336734693877551,0.8570458865055662,1.1872749099639857,1.0708232445520582
372,285,256,256,64.99224806201573,1.6222016365601355,1.5682845945131139,0.8693321420594148,1.1688311688311688,0.9696828358208955,1.2406134320465358,1.113778444611153,1.0155038759689923,0.9256463051933193,1.113778444611153,0.8568360773085182,1.1845161290322581,0.9691797060218112,0.7577639751552796,1.0636163445069735,0.9696119682094435,1.4520756357313627,0.8978102189781021,0.8563853292090144,1.047238372093023,0.9847220589963569,1.0635386119257086,1.0319410319410318,0.9695550351288057,0.9180557501050567,1.08962770032174,1.0707803992740468,1.2280701754385963,0.9830483917705013
2728,7,256,256,52.59374999999987,1.4802719077877944,1.5490196078431369,1.5660660660660657,1.1138781128769866,1.0,1.2795135389370424,1.1142498430634027,1.0,0.8978446340368208,0.8569542253521124,1.0312951372171404,1.047244094488189,1.015587529976019,0.897844634036821,0.9402573529411765,0.9546036549877778,1.1142498430634027,0.8974647887323941,0.7695035460992906,1.0634765624999996,1.0,0.8978102189781021,1.1847545219638242,1.131222004920825,1.0892448512585808,1.166429587482219,0.7869406867845994,0.9179523141654978,1.1272727272727272
744,360,256,256,34.51235230934478,1.8989711587114184,1.6697892271662762,1.1847545219638242,1.0636163445069735,1.0969365562667,1.2033898305084747,0.925714285714286,0.8155625886718322,0.8562026436590898,0.9118095991859348,1.2406611570247936,1.0636163445069733,1.0314009661835748,0.9118046132971509,0.9847274436090224,1.0972083748753743,0.9846517119244392,0.7785820736640408,1.426777048244362,1.063573568066508,0.969521130062716,0.9254843517138598,1.1666666666666665,0.8442096088898574,0.8573170731707318,1.2718446601941749,0.966145833333333,0.8115942028985507,1.4601769911504425
1528,347,256,256,47.95522388059692,1.6682242990654206,1.51809341622828,1.166495901639344,1.149101567478017,1.4049557522123892,0.7815470251535996,0.9114039073148572,1.1682194616977226,1.0,1.0636163445069735,1.0637254901960786,0.7670250896057348,0.9402573529411765,0.7812713602187287,0.8974647887323941,0.940226449795965,1.0475551761980249,0.7577639751552796,1.0,0.9548767788962168,0.9398148148148148,0.841586352054946,1.0155057251908397,1.0,1.108066502463054,0.9022556390977442,1.3380928097909233,0.9023304347826085,0.9179523141654978
1792,419,256,256,60.179104477612164,2.0833333333333326,1.8148453608247421,1.2598960415833669,1.0802469135802464,0.9402573529411762,1.0,0.9259428050586761,1.0472727272727278,0.9116847826086956,1.0,0.8573388203017831,0.9401438848920862,1.1138781128769866,0.9259259259259257,0.8442265795206971,1.0,0.8841031927341616,1.3016653016653017,0.9547826086956525,0.8841612831365563,0.984714873603762,1.1485714285714281,1.3612114476243398,0.870646766169154,0.7731092436974791,0.9663793103448276,1.0347800237812128,0.814199695626282,0.9663793103448278
2579,120,256,256,39.80597014925369,1.6717820231756961,1.8953168044077138,1.3452131376659675,1.1853772361939334,1.0314769975786924,1.131222004920825,1.0969365562666997,0.9696916710380602,1.4489531620979927,0.7693351424694709,1.0,0.7811447811447814,1.0971055088702142,0.8312327581543788,1.1847545219638242,1.0635114503816796,0.8572134658685266,0.9117297572568323,1.5176991150442474,1.0636163445069735,1.0,1.0968703427719824,0.8185721953837894,0.9118095991859348,1.0530612244897963,1.017249004865104,1.1274509803921569,0.8421052631578946,1.3411078717201164
653,46,256,256,32.95378151260502,1.0,1.823539218137868,1.1515151515151514,0.81859167024474,1.3405017921146953,1.0635114503816794,1.242537313432836,1.097323600973236,1.2055335968379444,1.0800295493720757,0.8308668076109934,0.9548767788962166,1.0982800982800978,0.9259005927952575,1.221610280618935,0.9401438848920862,1.1863920750782062,1.2411714039621018,1.0638663718987962,0.8698553948832033,0.9694423223834985,0.9259005927952577,0.7459893048128342,1.0637254901960782,1.2070463320463323,0.9179523141654978,1.2294117647058824,1.03515625,1.0712111990261717
1411,506,256,256,46.43010752688165,1.13184584178499,1.6294907841299597,1.0646163404784093,1.1142498430634018,0.9847310312426591,1.6419753086419748,1.221697494424767,1.1138781128769866,1.1311475409836065,1.2029136316337148,0.7815126050420168,0.96969696969697,0.8698553948832036,0.8442265795206971,1.2032440883330073,1.4074074074074072,1.0155149779209929,1.0155558214670335,1.0155558214670335,1.1137784446111525,1.0473991249392318,1.0472727272727278,0.7573243453461239,1.0,0.8868628263572315,1.5643784786641926,1.2070463320463318,1.2492625368731565,1.052702702702703
1502,27,256,256,59.499999999999865,1.7510230281633632,1.5914019258472973,1.0823097378751427,0.7689009724981701,0.8573075023324734,1.0155558214670335,1.0472555434387494,0.8572683355292052,1.0,1.1488549618320612,1.0969365562666997,0.9846517119244392,0.6792341097512833,0.7455968688845401,0.9696350364963505,0.8706038487060385,1.0472555434387494,0.8705609027547296,1.0472956585010917,1.0314009661835748,0.9846517119244392,1.299417423113399,0.8297593714192177,0.8696959572335451,0.9338609383832672,0.7735191637630663,0.8720612356478951,0.94974946313529,1.1673553719008265
1065,49,256,256,63.022900763359,1.6717820231756961,1.7764326069410816,1.5528973950026583,1.1150442477876108,0.9117647058823528,0.969698735504924,1.1508704061895552,0.9113082039911308,0.9401438848920862,1.3012540894220284,1.221610280618935,1.0638663718987966,1.0,0.8184747583243825,0.9117647058823528,0.897844634036821,0.7461198478774799,1.047846889952153,0.9696350364963502,1.015503875968992,1.0472956585010913,1.0972083748753743,0.8978790259230166,1.1150442477876108,1.0530612244897963,1.186781609195402,0.7999999999999998,1.109456614952834,0.8567931456548347
1999,306,256,256,37.42512077294681,1.6697892271662762,2.2980030721966207,0.9396331553285348,1.0472555434387496,0.7460676467564509,1.1845399406375015,1.1665705682619,1.3002717391304346,0.9696916710380604,0.9846824555202076,1.3402672544427605,1.0472956585010913,0.7689009724981701,0.9548140424052831,0.7460676467564509,0.9547038327526134,1.1846590909090906,1.5410628019323678,1.0155149779209929,1.4041831543244774,1.0155558214670335,1.0967741935483868,0.8563853292090147,1.3409247757073843,0.8143471074380166,0.9024729091414281,1.017279574656624,1.0174418604651163,0.9180672268907566
1682,157,256,256,77.01694915254265,1.8325123152709357,1.8471177944862154,1.1848739495798317,1.1489686783804431,1.382406499509735,1.0472383720930232,0.7460676467564512,1.0799704724409447,1.0472555434387496,0.9845916795069338,1.4482758620689653,1.079980312538452,0.8978102189781021,1.1669234720082178,1.2030324721806467,1.2031249999999998,0.7122736418511069,1.0312556350303541,0.9115646258503401,1.166923472008218,1.3000271517784414,0.9548140424052831,0.984732824427481,0.96969696969697,1.147169811320755,1.0,1.0,0.9663793103448276,1.3857365955231649
397,255,256,256,48.699248120300645,1.6199999999999997,2.2148397346042423,1.2407407407407405,1.2998236331569668,0.9548402037980549,1.1138781128769866,1.2055335968379444,0.7457539886773032,0.9695550351288057,1.063573568066508,1.0799999999999998,1.0155428024868487,0.9847148736037625,1.0,0.767979002624672,1.1311475409836065,0.9846824555202076,0.8312783906554188,0.8311688311688314,1.2618152524167563,1.2029268292682926,1.2598960415833667,1.1137357830271215,1.2601040416166465,1.0892857142857144,1.1466509988249118,1.227977591946091,1.0348033018517144,0.9663285128426506
1618,177,256,256,69.54545454545439,1.266648434295091,1.7853007802668004,2.077981651376146,0.8977642961465003,1.0,1.0635114503816794,1.0472727272727274,1.0155707270331777,0.9259512417407156,1.0815047021943571,0.8058045241143836,1.0155558214670335,1.1511823232975833,0.9847310312426591,0.9257142857142857,1.0799999999999998,0.9847058823529413,0.9253902662993572,1.0801183286084062,1.322314049586777,0.925569678231994,1.0,1.3433416736169028,0.9548924358084665,1.0,0.9663503019844695,0.9830434782608696,1.0713142857142857,1.0348033018517144
2019,499,256,256,42.38028169014076,1.7489711934156376,1.3928057553956839,1.5905064728594136,1.0,0.9117896522476674,0.9402813666379558,1.0,1.1489686783804431,0.7936944561997463,0.9694835680751175,1.1494252873563218,0.9547458807147832,1.1154675802563125,1.015509424958244,1.2029268292682926,1.3641711604454096,1.1139494114700728,0.9847310312426594,0.8312327581543788,1.0642451198418585,1.0155316606929508,1.0639488409272586,1.3631538515259445,0.9258244893301382,1.2279035792549307,1.207547169811321,1.147169811320755,0.8721398811556588,0.9023915461624027
34,262,256,256,38.59803921568622,1.5755725190839698,2.333586626139817,1.2226613965744404,1.361336946702801,0.8573388203017831,1.015509424958244,0.9403087872352639,1.0637919401337177,0.8841031927341616,0.9117647058823528,0.8056904927133934,1.081168831168831,0.8978675645342316,1.1310896829898534,0.9401438848920862,1.1140350877192982,0.8706324635117207,1.2219012605042017,0.8313057583130575,0.8313148788927337,0.7335929094728214,1.4718350754936123,1.1139494114700728,1.0,1.1866773035500597,1.1274509803921569,0.872131147540984,1.249385145105755,0.8427419354838711
1021,29,256,256,45.08695652173903,1.610137672090112,1.3081857481522805,1.1492537313432842,1.221784776902887,0.9259005927952577,1.063538611925709,1.1311475409836065,1.0640394088669953,0.9847310312426594,1.0474972597734744,1.0155428024868485,0.9694835680751175,1.015522388059702,1.0,0.897844634036821,1.3433416736169037,1.591985428051002,0.8571428571428572,1.1669234720082178,0.9401886358408096,0.8573309920983319,1.047764849969382,1.015522388059702,0.9696704578594344,0.9499643620812546,1.0,0.8414956309693152,0.9829991281604186,0.8421052631578946
2513,224,256,256,79.32098765432124,1.688493018777083,1.4513888888888888,1.482768865121806,0.8442265795206971,1.096744186046512,1.340361030728951,1.4040404040404044,1.0,1.2242866622428663,1.0,1.0312951372171404,1.2604166666666667,1.221610280618935,0.9548611111111106,1.015503875968992,1.1486280487804876,1.0155707270331777,1.1313131313131315,1.1331626120358513,0.9696704578594338,0.8442096088898574,0.8307291666666665,1.1137784446111525,1.0635114503816794,0.8426890756302523,1.2928905206942587,0.8710743801652893,0.9020647321428571,1.1904296874999998
923,275,256,256,46.49999999999989,1.75181758096497,1.3233830845771148,1.0473991249392318,1.1491015674780172,0.8704318936877077,1.3210537147561225,1.2411714039621018,1.0972083748753743,0.9258667883211676,0.8442265795206971,0.8706324635117204,1.0,0.8573309920983319,1.2996610169491531,0.9259005927952577,1.222047037183024,1.097323600973236,0.9396331553285351,1.0312499999999998,1.0155428024868485,1.0155428024868485,1.2232201822744686,1.0473991249392318,1.2220470371830248,1.070780399274047,1.0892857142857142,1.0529092553512212,1.2285714285714286,0.9337860780984719
1433,132,256,256,62.0606060606063,1.7836428804170736,1.4332705405013766,1.0634804370383935,0.9696916710380604,1.1845161290322581,0.8185721953837894,0.8440567066521267,0.9403087872352639,0.9548872180451129,1.063538611925709,1.0967741935483868,0.8841612831365563,1.047244094488189,1.0,1.2216393442622948,0.870646766169154,0.7461459403905448,1.2618152524167563,1.2030324721806467,1.0,1.1845161290322581,0.7342056839092211,1.221784776902887,0.9696916710380604,1.227922077922078,0.8871900826446284,0.9829619921363042,1.0348733233979133,0.9500071214926651
1771,455,256,256,30.034205231388324,1.4513888888888888,1.6442121564072785,1.3277310924369745,1.09672619047619,1.2598960415833669,1.0312556350303541,0.8295081967213116,0.8978446340368208,1.015522388059702,0.8438694180587403,1.0,0.9255696782319935,0.8184747583243825,0.9847274436090224,1.0801183286084062,0.9847220589963569,0.9391812865497078,1.0,0.9118046132971509,0.925569678231994,0.897706834532374,0.9695853073638652,0.8839285714285714,1.2604166666666667,0.8552776250687194,1.017249004865104,0.8119600883948302,0.966367229608336,1.052702702702703
895,1,256,256,59.25925925925945,1.8852802514405451,1.5696400625978095,1.7490996398559424,1.1137500000000002,0.8978675645342316,1.0967441860465115,1.0967741935483872,1.0637919401337175,0.8703457446808508,0.7458847736625512,1.1845875822899186,1.4938632378725896,1.1141352063213348,1.0155057251908397,1.0312650312650313,0.9847058823529413,0.984732824427481,0.8313057583130575,0.9402573529411765,0.9402813666379556,0.7461198478774796,1.1315456615228943,0.9694423223834989,1.1669234720082178,0.9663865546218487,1.3616071428571428,0.9179523141654978,0.9180327868852458,1.0526710684273708
1493,404,256,256,35.59105779716465,1.9542505974735407,1.3788982803847272,1.1682194616977226,1.131222004920825,1.148854961832061,1.0808759487370911,1.1311475409836065,1.0155428024868485,1.0,0.9403087872352637,1.1318458417849901,0.8177111422715996,0.8572683355292052,1.031255635030354,1.0635114503816796,0.9695211300627162,1.2033898305084743,0.9402573529411762,0.9547458807147828,0.7335929094728214,0.9845422116527942,0.9251755496719234,1.148684712161647,1.148854961832061,0.8714285714285712,1.1099365750528536,1.0347800237812128,0.9024729091414281,1.0347903657448707
1534,489,256,256,27.8888888888889,1.5755725190839698,1.6351457840819534,1.41044776119403,0.7458847736625512,0.9402264497959651,0.8974647887323941,0.96969696969697,1.184754521963824,0.883999776922648,0.925925925925926,0.897844634036821,1.0313158687142425,0.9548767788962168,0.8442265795206971,1.0312781954887222,1.0,0.9548924358084666,0.8839997769226479,0.9116297513170566,0.8571428571428572,1.031255635030354,0.9547826086956521,0.9118046132971509,1.0473588342440798,1.017279574656624,1.0892857142857142,1.017249004865104,1.0172566371681415,0.8140889830508474
1415,44,256,256,79.32098765432124,1.7911184210526312,1.5490196078431369,1.5468749999999996,1.031315868714243,0.8977642961465003,1.0808759487370911,1.0313158687142425,0.8060528559249789,1.4482758620689653,1.0971055088702142,0.897706834532374,1.1487603305785123,0.9118046132971509,1.0155428024868487,1.0799803125384517,1.131420989448411,1.0155316606929508,1.0155558214670335,1.0806251550483752,0.9117896522476674,0.9258667883211676,1.0312499999999998,0.96969696969697,0.8696959572335451,1.434405940594059,0.5967371323529411,1.1468926553672316,1.315151515151515,1.2506178942165103
48,225,256,256,57.72727272727265,1.8595041322314043,1.8757894736842102,1.5200000000000002,1.2031249999999998,1.1846590909090906,1.1489686783804431,0.8838443066957057,0.7007007007007008,1.0314009661835748,1.2242866622428663,1.150870406189555,1.0635114503816794,0.9382716049382716,0.9696828358208954,1.240995762711864,0.8841354723707668,0.9400334428876207,0.9106733852496562,1.1488549618320612,1.2433155080213905,1.302118933697881,1.0,1.3647586980920314,0.9847274436090224,1.2073799548823716,1.0526236881559219,0.9021670963695912,0.9013421403977232,1.147169811320755
1512,151,256,256,70.19354838709701,1.5479039662828324,1.9285714285714288,1.1874180865006558,1.3214285714285714,1.0,0.9846335697399528,1.4267770482443616,0.8977642961465004,0.8311688311688314,1.3615127919911012,1.0312481221080463,0.7122736418511066,0.8184747583243825,0.9402985074626866,1.1667842709602922,0.9846335697399528,1.1310483870967738,0.8312783906554186,0.9118046132971509,0.9400921658986173,0.9847310312426591,0.925714285714286,0.8704318936877078,1.1666666666666665,1.0526236881559219,1.0528455284552845,0.933432899509281,0.8427736343479135,1.0526473676316184
2116,1,256,256,40.88290398126461,1.5223214285714282,1.610137672090112,1.0,1.1137357830271213,1.222047037183024,1.1310483870967742,0.842891672159965,0.9116847826086956,0.9845422116527944,1.0473588342440803,1.0155057251908397,0.7815126050420168,1.0636163445069735,1.2799650043744535,0.9402813666379558,0.9548924358084666,0.8172972972972975,0.9547826086956525,0.7231237322515214,1.2598960415833669,0.9696828358208954,0.8841354723707665,1.2622025010084712,1.0967201934403867,1.1664295874822188,0.8282396903776857,1.3636363636363635,0.917894736842105,0.828239690377686
1535,210,256,256,69.12000000000023,1.3694231315714689,1.8353929807217002,1.8098360655737709,1.0312650312650313,1.1665705682619,1.0808759487370911,1.240995762711864,0.9401886358408096,0.9402264497959651,1.0967441860465115,0.8977642961465004,1.1141352063213348,1.2216393442622953,0.9847274436090224,0.8438694180587398,0.8570564626972348,1.0155057251908397,0.7937162805458584,1.221784776902887,1.0155223880597015,1.0474972597734744,0.9397276151840047,0.954656435298221,1.1486280487804879,1.0349071380622061,0.8868628263572316,0.7865937072503422,1.0897376898297286,1.1466050591275745
427,366,256,256,110.57142857142898,1.9219079780498098,1.8957983193277308,1.5420296329387235,1.0472956585010913,1.0,1.2406134320465363,1.3641711604454096,1.2425373134328361,1.0,0.9547038327526135,1.1146817895400127,1.3503546099290777,0.8830606622814415,0.9114039073148565,1.3653994800084324,1.0801183286084062,0.9548924358084665,1.0970149253731345,1.080029549372076,0.7346938775510206,1.2416196481911719,1.4814814814814816,1.1312220049208253,0.9256463051933193,1.0527422990232906,1.0894495412844039,1.1271739130434784,1.089449541284404,0.9500071214926651
704,330,256,256,117.61764705882393,1.2817855449434397,1.633150039277298,1.280701754385965,1.0805152979066026,1.0472727272727274,1.047244094488189,0.8706324635117204,0.9118095991859348,1.2048319327731094,0.8573309920983319,0.8706324635117207,0.9696828358208955,0.984732824427481,0.9116847826086956,1.0472727272727274,1.0312556350303541,0.9696545284780576,0.8841548315232528,1.1503083247687564,0.9117647058823528,1.1853772361939334,0.9696828358208955,1.0155038759689923,0.9547826086956525,0.9338282078472958,1.108066502463054,1.0,1.0,1.2725684333139196
1189,100,256,256,58.586776859504,1.8084444808117177,1.4513888888888888,1.1150442477876108,1.1485902971805946,1.0155558214670335,1.1664106502816176,1.0634920634920633,1.2406134320465358,1.0801776242753178,1.382406499509735,0.9846517119244392,1.0312499999999998,0.9695550351288057,1.2030324721806467,1.148684712161647,0.8978446340368208,1.0155038759689923,1.2029136316337148,1.0312951372171404,1.1487603305785123,1.1139494114700728,1.0634765624999996,1.0314769975786924,1.0,1.1082414617223035,1.1083333333333334,0.9663672296083364,0.966367229608336,1.127709340402308
569,285,256,256,55.07999999999987,1.1878119254005783,1.9545454545454544,1.4267770482443616,1.0634920634920635,1.0312781954887222,1.063573568066508,1.202926829268293,1.2598960415833669,1.1141352063213346,1.299661016949152,0.9846335697399528,1.1848739495798317,0.9696119682094435,1.1137357830271215,1.063573568066508,1.063573568066508,1.1310896829898534,1.0968703427719821,1.0,0.8836363636363634,0.8570564626972348,1.0312499999999998,1.3615127919911012,0.9847148736037625,1.1866773035500595,1.0526710684273708,1.315124989479,0.8871900826446284,1.0527422990232906
1866,270,256,256,125.09090909090956,1.3641711604454096,1.9072340425531908,1.1138211382113823,1.1137357830271213,1.1148554840338256,1.063538611925709,1.3200000000000005,1.047764849969382,0.9847220589963569,0.7454133168418885,0.897844634036821,1.2406611570247932,1.0312499999999998,1.166442609307983,1.0475551761980244,0.8572683355292053,0.8701298701298698,0.8702450926028614,1.1310153691106068,0.8978675645342316,1.148854961832061,1.0472727272727274,0.8705035971223022,1.015509424958244,0.9334328995092808,1.5377826806398238,0.6736599563424691,0.8005507474429583,1.1272727272727272
389,359,256,256,64.00000000000023,1.66268418956591,1.1863920750782062,1.4364963503649635,0.9259005927952575,1.4074074074074072,1.1845875822899186,1.1487603305785123,1.0636669727578816,1.77418316433285,1.0312499999999998,0.8442265795206971,1.0,0.8978102189781021,0.8313148788927337,1.5436081242532855,1.1485902971805946,1.0,0.7936507936507935,1.1159531090723749,0.9117647058823531,0.8978675645342311,0.940226449795965,0.9258667883211675,0.9847058823529413,0.9315639394604076,0.9663503019844695,1.1080665024630543,0.966386554621849,0.9317784256559766
1386,324,256,256,58.352941176470786,2.0546241211465652,1.9838321293429648,1.311048557353976,1.0,1.0312650312650313,1.0472956585010917,1.0,1.0635386119257086,1.063573568066508,0.8978446340368208,1.015503875968992,0.9844850220790071,0.8053996257685111,0.9402813666379558,0.87012987012987,0.8978790259230166,0.8442096088898574,1.0800295493720757,1.0472956585010917,0.8841354723707665,1.0312481221080463,1.0316764132553606,0.9544126241963761,1.1665705682619,0.841720779220779,1.1082414617223038,0.8284686125549778,1.1271739130434784,1.017249004865104
1990,226,256,256,70.65137614678882,2.114760080277321,1.2051686723219566,1.6729411764705877,1.1310896829898531,0.8442096088898574,0.8969772444243179,1.1485714285714281,0.9259428050586761,1.221784776902887,1.0159021406727828,1.221697494424767,0.8841031927341616,0.7796026490066226,1.0799803125384517,1.0312951372171404,0.7119258662369059,0.9401438848920862,1.031255635030354,1.0967201934403867,1.0320177328982205,1.202966432474629,0.9117297572568324,1.0155223880597015,1.222047037183024,1.0527898932170252,0.7599999999999999,1.2070463320463318,1.2713043478260873,0.9663672296083364
1174,2,256,256,68.0634920634923,1.3445389873064586,1.224286662242866,1.203761755485894,1.222047037183024,1.0636163445069735,1.4732779962137763,1.1137357830271213,1.031315868714243,0.8978790259230166,0.9115646258503401,0.8978790259230167,0.8060631893015076,1.0968703427719824,1.0634804370383932,0.8706467661691545,1.0472555434387496,1.0312556350303541,1.096816235337926,0.8184747583243825,1.202966432474629,0.9548767788962168,0.8185916702447403,1.063538611925709,1.0,1.108442110141345,1.0893266147503438,0.9830483917705013,0.9661922993570756,1.017249004865104
877,200,256,256,37.2723214285714,1.873655913978494,1.524271844660194,1.2817855449434397,1.032017732898221,0.8706324635117207,1.1486280487804876,0.940226449795965,0.79226589964845,0.8838443066957055,1.09672619047619,1.1310483870967738,0.8840579710144928,1.0472956585010917,1.4722464399883757,0.8841548315232528,1.0800689825080072,0.8573075023324734,0.7565163102856252,1.047244094488189,0.9696828358208954,0.9846950788792085,0.8309859154929576,1.0155149779209929,1.518387239698715,0.9338609383832672,1.207246376811594,0.8869565217391304,0.9013421403977232,1.0172413793103448
1984,160,256,256,59.499999999999865,1.6000000000000003,1.7030939314403881,1.4074074074074077,0.8704318936877078,1.0,1.2411714039621018,0.9117647058823528,0.9846950788792088,0.9402264497959651,1.221784776902887,1.0967741935483872,1.0634804370383935,0.7808219178082192,0.8184747583243825,1.166442609307983,1.1851851851851853,1.0637254901960782,0.8978102189781021,0.844175656532636,1.1666666666666665,1.1311475409836065,1.2408522464103748,0.8978102189781021,0.7936507936507938,1.0,1.0903195924038904,0.7867187499999999,0.933432899509281,1.034782608695652
668,137,256,256,40.88290398126461,1.7329252577319585,1.6278236485433868,1.2261474642044699,0.9847310312426594,1.0,0.9117647058823531,1.096816235337926,0.8185721953837894,1.1137357830271213,1.3612114476243398,1.0634765624999996,0.969698735504924,0.8838443066957057,1.063538611925709,0.8438694180587398,0.8439716312056736,0.842891672159965,0.8060218491873167,0.9259512417407156,1.2994174231133993,0.8569542253521124,1.131222004920825,0.7461198478774799,1.063538611925709,1.2281999187322226,1.0347826086956522,1.1272727272727272,0.8004722550177096,1.07086077674313
1062,316,256,256,78.10784313725517,1.3233830845771148,1.6143667296786393,1.185834957764782,1.1486280487804876,1.0,1.3612114476243402,0.9116297513170566,1.5174701459531177,1.0,0.9696545284780576,1.0,0.8185721953837898,0.8185721953837894,1.202926829268293,1.2598960415833669,1.1491015674780172,0.9116297513170566,0.7455968688845401,1.096744186046512,0.9696545284780576,1.0312951372171404,0.9547826086956525,0.7814552140793273,1.0,0.9338282078472957,1.1870802686280781,0.7869268292682926,0.8855345911949689,0.8426150121065377
282,288,256,256,76.49999999999982,1.2437554409696647,1.4353523587652883,1.3631538515259443,0.81859167024474,0.9847220589963569,0.9548402037980545,1.3838582677165354,0.8056904927133934,0.9696828358208954,1.153061224489796,0.9258667883211675,1.0637254901960782,0.9847310312426591,0.9402573529411762,1.3233830845771148,0.9548402037980545,1.2030324721806467,1.0635114503816796,1.09672619047619,1.5232558139534882,1.340361030728951,0.9402573529411762,0.9548767788962166,1.0313404050144646,1.1083333333333334,0.9338609383832672,1.0348214285714286,0.7998157409844695,1.0347903657448707
8,59,256,256,42.33333333333328,1.3853211009174315,1.3603735045229068,1.2810241167330947,0.9116847826086956,1.2239003709591942,1.3402203856749308,0.9116847826086956,1.0473243538405537,1.0156739811912225,1.0800000000000003,1.0155038759689923,0.6484959683260104,0.8056904927133934,0.9402573529411765,0.8442265795206971,1.1665705682619,1.240995762711864,0.8841612831365563,1.149425287356322,1.0967741935483872,1.2608695652173914,0.8691275167785235,1.0472555434387494,0.8839285714285714,1.0,1.0173333333333332,0.9497494631352897,1.146708463949843,0.9494454846608096
1664,345,256,256,61.11278195488744,1.9721739130434783,1.9808612440191387,1.319737651158024,1.0968703427719821,1.3880597014925373,1.0801776242753178,0.9403087872352637,1.0969365562666997,1.242909576242909,1.2039882314481858,1.1845161290322581,1.0,1.166442609307983,1.2994174231133993,1.2458628841607562,1.2042419481539672,1.0,1.319650297110853,0.9696704578594338,1.0801183286084062,1.0312781954887216,1.0156739811912225,0.9117297572568324,1.1845875822899186,1.297962648556876,1.0709682311016755,0.9180327868852458,1.0529811320754718,0.8282396903776857
886,346,256,256,34.63636363636358,1.3452131376659675,1.9513274336283182,1.7266049185563717,1.1850174666839173,0.9696828358208954,0.9259512417407156,0.897706834532374,1.0,1.0800000000000003,0.7693351424694707,0.9402813666379556,1.4049557522123897,1.148590297180594,0.7809949986838641,0.8839285714285714,1.0472383720930232,0.8572134658685266,0.8568360773085182,1.0634920634920633,0.8308668076109934,1.0,1.2421984163949695,1.2406134320465358,1.096816235337926,0.9499000856408791,0.9338609383832674,1.0714285714285718,1.1271739130434784,0.8425196850393699
875,456,256,256,39.03428571428569,1.580089244499154,2.130434782608696,1.6923558897243107,1.471014492753623,1.1310236220472445,1.2030324721806467,1.2601040416166465,0.9259259259259257,1.0155149779209929,1.3200000000000003,1.0970149253731345,0.8184747583243825,1.0157920310981536,1.3823529411764703,1.0634804370383935,0.9402264497959651,1.0803262481463178,1.1674718196457323,1.0967261904761902,0.9696350364963502,1.0312951372171404,0.9695550351288057,1.362723214285714,1.0474452554744524,1.146788990825688,1.0,1.166482213438735,1.0,0.9830434782608696
1103,455,256,256,66.00000000000023,1.6351457840819534,1.91817398794143,1.1667842709602922,1.1674718196457323,1.4259259259259258,0.7933884297520662,1.2599999999999998,1.3615127919911012,0.8307291666666663,0.8052226027397259,0.7936507936507935,1.096744186046512,0.8310865681338313,0.870646766169154,0.8962962962962965,1.2219012605042012,1.1310236220472438,0.8313148788927337,0.8835125448028673,0.7927295918367346,0.9696350364963502,0.9259428050586761,0.897844634036821,0.7575757575757573,0.9177446569178855,1.070909090909091,1.2492625368731565,0.8283313325330134,1.0909090909090908
2590,349,256,256,88.3437500000003,2.07168458781362,1.653061224489796,1.565217391304348,1.1138211382113823,0.8438694180587398,1.24331550802139,0.9402813666379556,1.1670843776106938,1.1851851851851853,0.9402573529411765,0.9696119682094435,0.8309859154929576,0.7932569974554706,1.0967741935483872,1.096744186046512,1.204831932773109,0.9402813666379556,1.063573568066508,1.1851851851851853,1.015509424958244,1.0,1.1311475409836065,1.0806251550483752,1.3214285714285714,1.293233082706767,1.0,1.0347826086956522,0.7342754400353289,1.1673553719008267
493,81,256,256,34.63636363636358,1.5044776119402992,1.595238095238095,1.7001980198019804,1.131687242798354,1.4738990959463396,1.448147084171215,1.015509424958244,0.883999776922648,1.1137499999999996,0.793388429752066,1.1485714285714288,0.9402985074626867,1.0967441860465115,0.870646766169154,1.065065065065065,0.9845916795069338,1.1137357830271213,0.8060218491873169,0.9547826086956521,0.818181818181818,0.9847148736037625,0.9548767788962168,1.3617391304347826,0.9548611111111106,0.9825711306420378,0.9336028942328156,0.9338609383832674,1.3153638814016175,0.8427419354838712
2608,267,256,256,43.71428571428562,1.5102657004830917,1.6000000000000003,1.0634804370383935,1.1666666666666665,1.2406134320465358,1.015503875968992,1.465845464725644,0.9547458807147832,1.1141352063213348,0.8571428571428572,0.7937162805458584,1.0,1.166442609307983,1.2600000000000002,1.0472956585010913,1.113778444611153,0.7461198478774799,0.8312327581543788,0.9694423223834989,0.8839285714285714,0.8185721953837898,0.9117647058823531,1.0,1.340220385674931,1.017279574656624,1.0707803992740468,0.6290076335877861,0.7735191637630662,0.9013421403977234
2276,154,256,256,39.80597014925369,1.734819121447028,1.6029684601113177,1.2810241167330947,1.0634804370383935,0.8168021680216804,1.1666666666666665,0.8310865681338316,1.1328988563031115,1.299417423113399,1.0,1.0312481221080463,0.8841354723707668,0.8841031927341616,0.9402264497959651,1.202926829268293,1.0474452554744524,0.8439716312056739,1.0,1.1487603305785123,1.0801776242753178,1.096744186046512,1.0968703427719824,0.8705609027547295,1.0634804370383935,1.186558239655585,1.0,0.8276416231418238,1.250990099009901,1.0173564753004007
2,121,256,256,83.07070707070739,1.329577464788733,1.6222016365601355,1.7871052200949107,1.080246913580247,0.9696916710380604,1.4588235294117649,1.2408522464103753,1.015503875968992,0.9548872180451128,1.015509424958244,0.9114039073148572,1.2030324721806467,1.1137357830271215,1.0,1.1137357830271213,1.080326248146317,1.1489686783804434,1.015503875968992,0.8840579710144928,0.8058045241143833,0.8438694180587403,1.2602428933671423,1.167267112712301,1.0156062424969987,1.108166409861325,1.127709340402308,0.8566371681415927,0.9499643620812541,1.108166409861325
2186,266,256,256,77.01694915254265,1.7580174927113703,1.7489711934156376,0.9696119682094438,0.8978675645342311,1.148590297180594,1.2413793103448278,0.9846824555202075,0.8702450926028614,0.9694835680751175,1.0638663718987966,1.0155149779209929,0.7458847736625512,0.8185721953837898,1.0473588342440798,1.1845161290322581,0.7808219178082192,1.1310896829898534,0.7694314032342204,0.7813748160605426,1.0638663718987966,1.0155149779209929,1.242909576242909,1.0,1.3031550068587106,1.0,1.0,1.1665612148054412,0.9494454846608095,1.0349906542056073
2657,100,256,256,59.25925925925945,1.6822519083969465,1.0484712900820286,1.3198469108802617,1.50579872802095,1.113778444611153,1.09672619047619,1.2029136316337148,0.8172972972972975,1.0157594859983028,1.0473588342440798,1.031255635030354,0.9393055150277212,1.0472956585010913,0.8841548315232524,1.1310896829898531,1.0,1.1310483870967738,0.8172972972972975,0.7929276839757885,0.9548611111111106,1.2611490558457212,0.768246644295302,0.9696119682094435,1.204523107177974,0.9023304347826087,1.1667986694123236,0.917652027027027,0.9015151515151514,1.03515625
1623,408,256,256,119.44444444444483,1.6786900806834362,1.3155790375553333,1.4364963503649635,1.2452830188679247,1.2232201822744686,0.8696959572335451,0.883746926000447,0.9696704578594344,0.7935852651635442,0.7814552140793273,0.9259005927952577,0.768246644295302,0.9846950788792088,1.0,1.0,0.8563853292090147,1.166410650281618,1.0,0.8183967332903506,0.8573388203017831,1.047238372093023,0.8170599696904094,1.0,1.0640394088669953,0.7731092436974791,0.8712605735506498,0.9023304347826087,1.0,0.8869565217391304
1346,468,256,256,45.08695652173903,1.6190476190476186,1.2235449735449733,1.4417848699763596,1.0806251550483752,1.063538611925709,1.24331550802139,1.0806251550483754,0.9546036549877781,1.0155038759689923,0.9547826086956525,0.9256463051933193,1.0473588342440798,1.047688921496699,1.2413793103448276,0.8311688311688314,1.3246392896781354,1.1846590909090906,1.0315687226809136,0.8181818181818181,0.9116847826086956,1.1310483870967738,0.9259259259259257,0.8975571315996848,1.3406896551724141,1.089381207028266,1.292743953294412,1.1470195554857459,0.8867533185840708,1.363103448275862
2352,251,256,256,58.586776859504,1.6014341892204487,1.6989247311827949,1.1157024793388424,1.2797955340328218,0.91156462585034,1.4260473069250497,1.131420989448411,0.9402985074626867,0.9847220589963569,1.1846590909090906,0.9847328244274809,0.8973607038123165,0.8701298701298698,1.0,0.7461459403905448,1.149425287356322,0.9108214714457213,0.9259428050586763,1.383480825958702,1.0,0.8440567066521265,0.9259005927952575,0.7575757575757575,1.079980312538452,0.7864406779661016,1.1468926553672316,0.9168443496801706,1.089449541284404,1.0892448512585808
2340,21,256,256,54.23809523809511,1.7389962644144872,1.2608695652173914,1.0156062424969987,1.0,1.3623440875200334,1.0,1.3200000000000005,0.9696350364963505,1.063573568066508,1.1485714285714288,0.9259428050586761,1.280701754385965,1.0,0.9696828358208954,0.9696704578594344,0.984714873603762,1.0,0.940226449795965,1.0,1.0155149779209929,1.131222004920825,1.047244094488189,1.0156062424969987,1.1310483870967742,1.0526236881559219,0.9830262585231394,1.0349906542056078,0.8573364042812627,0.9024932286964376
868,458,256,256,56.57971014492774,1.5720122574055155,1.7030939314403881,1.0801776242753178,1.0155057251908395,1.3200000000000003,1.1485714285714281,0.9402813666379556,1.097105508870215,0.9259005927952577,0.844175656532636,1.0,1.2030324721806467,1.166410650281618,0.9847328244274809,1.2029268292682926,1.1485714285714281,1.0,1.2032440883330078,1.0634804370383932,1.0805152979066026,0.7812713602187285,1.0312556350303541,0.9696545284780581,0.76890097249817,1.186781609195402,1.1272727272727272,1.0,0.9659760087241003,0.9024390243902438
1800,140,256,256,44.33333333333328,1.203761755485894,1.612196844831646,1.3825136612021858,0.9403087872352639,1.1846590909090906,0.9696350364963502,1.0155149779209929,1.0799704724409447,1.0,1.0799704724409447,0.8841354723707668,0.9696350364963505,1.097323600973236,1.1853772361939334,1.1846590909090906,1.0,1.1670843776106938,1.0799704724409447,1.015522388059702,0.8568360773085182,1.1313131313131315,1.1498271225509027,1.0639488409272584,0.9847274436090224,0.9663285128426503,1.27076617902306,1.0707964601769913,0.785812356979405,0.8137931034482757
2406,153,256,256,62.0606060606063,2.160925824676509,1.7836428804170736,1.503238293754188,0.7934978290797419,0.8185721953837894,1.0473243538405534,0.8978675645342316,0.954656435298221,1.1310483870967738,1.0,0.9106733852496566,0.8835125448028672,0.8312327581543788,0.7813748160605426,0.8185721953837894,1.1486280487804876,1.0472727272727278,1.0155558214670335,1.2029136316337148,1.0312650312650313,1.2602428933671428,1.221610280618935,1.0,0.9694835680751175,0.9500071214926651,1.0892448512585808,1.017256637168142,1.1084421101413457,1.0711192158650558
1536,202,256,256,67.94252873563242,1.3405865657521285,1.809764309764309,1.0979099981171156,1.031315868714243,1.0967741935483872,1.0969365562667,1.0967261904761902,0.9403087872352637,0.8058977230309818,0.7690700104493209,0.9244800743580804,0.870646766169154,1.279663865546219,1.0155428024868487,0.9117647058823531,0.8841548315232528,0.8442096088898574,0.8841031927341616,1.0315208825847129,0.8565517241379312,0.8822663723325975,1.0967441860465115,1.3402672544427607,1.1486280487804876,1.0347903657448705,0.814199695626282,1.1278688524590166,0.918032786885246,0.8867533185840708
2420,218,256,256,39.80597014925369,1.7733619763694957,1.681297084834589,1.222047037183024,1.0312650312650313,1.1487603305785123,1.4489531620979927,0.897706834532374,1.1138781128769866,0.9117647058823531,1.0473243538405537,0.9403087872352639,0.8438694180587403,0.8704318936877077,1.0,0.9402985074626866,0.8706038487060385,0.883999776922648,1.2994174231133993,0.9696969696969698,1.0636163445069735,0.8841548315232528,0.7576636288318148,0.9402813666379558,0.8975571315996846,1.0,1.108567893597278,1.1678622668579628,0.7342754400353289,1.034821428571429
1173,211,256,256,50.999999999999886,1.3647586980920319,1.6473700591347644,1.031255635030354,0.8972448057813911,1.047238372093023,0.8313057583130573,0.9403087872352639,1.015503875968992,0.9548767788962168,1.1848739495798317,1.1313131313131315,1.0312650312650313,0.9548924358084665,0.9845679012345679,0.805399625768511,0.9259259259259257,0.9548872180451129,1.047238372093023,0.8442096088898574,1.1487603305785123,0.8572683355292053,1.1137357830271215,0.9847328244274809,1.0,0.949935815147625,0.9830139372822301,0.8871745419479267,1.146788990825688,1.0709682311016755
944,116,256,256,65.31578947368406,1.5306122448979589,1.2458628841607566,1.455507701292065,1.1310896829898531,1.0,0.9844534800287013,0.8303979125896934,1.2795698924731183,1.0967441860465115,1.3831578947368424,1.0,0.7461198478774799,0.9118095991859348,1.2032440883330073,0.7936507936507938,1.0650650650650653,1.0472555434387496,1.221784776902887,1.1137499999999996,1.047846889952153,1.0802469135802464,1.1878119254005783,0.9116297513170566,0.8839997769226479,0.9175475687103591,0.8710743801652892,0.772225827384815,1.0,0.8718247175624785
2480,473,256,256,148.1900826446286,2.0655737704918034,1.503238293754188,1.20680055677073,1.2051686723219566,1.166442609307983,1.3615127919911014,1.0155149779209929,1.1142498430634027,1.080326248146317,1.0969365562666997,1.0636163445069733,1.0969365562667,0.8439716312056739,1.0474452554744522,1.1845875822899186,1.2801724137931032,1.0967261904761902,1.2409957627118644,0.9402573529411762,1.2030324721806467,1.148684712161647,0.8573075023324735,0.8183967332903506,0.9548140424052829,1.070775047258979,0.9173027989821882,1.017249004865104,0.9496124031007751,1.0172949002217295
436,290,256,256,47.15176151761512,1.3246392896781354,1.3963990126324963,1.3842905405405401,1.1491015674780172,1.0,1.166495901639344,0.9114039073148572,1.221610280618935,1.0,1.031315868714243,0.9402573529411762,0.8837469260004471,1.1486280487804879,0.9845916795069338,1.0800689825080072,1.0636163445069733,1.4039548022598871,1.2406134320465358,1.0,1.0473243538405534,1.0,1.0,1.1486280487804879,1.0,1.127173913043478,1.0,1.0714285714285718,1.166482213438735,1.0
1986,109,256,256,49.454545454545354,1.1891534391534389,1.2872134769400718,1.1310236220472438,1.2055335968379444,1.131420989448411,1.0,1.5172413793103452,0.9257736667808608,1.1310236220472445,0.8978675645342316,0.7811447811447811,0.9114039073148572,1.1664,0.9547826086956525,1.3823529411764706,1.0475551761980244,1.064039408866995,0.883999776922648,1.0,1.0472383720930232,0.8055555555555554,0.6387850915013895,1.2406611570247932,0.6902918403811793,1.108166409861325,1.0,1.4583333333333333,1.1088709677419355,0.8424030172413791
1825,128,256,256,47.2222222222221,1.6717820231756961,1.5543710021321966,1.4951292756170804,1.2998236331569664,1.3402672544427605,1.1138211382113823,0.8841548315232524,1.0969365562667,0.9116847826086956,0.9548611111111106,1.0967741935483868,0.8978790259230167,1.0,1.0805152979066024,1.2216393442622953,1.031315868714243,0.7814552140793273,1.2602428933671423,0.9547826086956525,1.0802469135802464,1.1664106502816176,0.9548767788962168,0.8442096088898572,1.0315208825847124,1.0,1.3153638814016175,0.9024729091414281,0.949935815147625,0.9177446569178855
2405,430,256,256,131.00000000000045,1.4980842911877394,1.455507701292065,1.2599306851506262,1.063573568066508,1.0802469135802464,1.1845161290322581,1.2032440883330073,1.031368763950051,1.0155558214670335,1.0,0.9544126241963761,1.0312781954887222,1.148590297180594,1.1310896829898534,1.2406611570247932,0.7796026490066226,1.0634804370383932,0.9117297572568324,0.9696350364963505,0.8839997769226479,0.8434592227695674,1.0,1.1137784446111525,1.1138211382113823,1.0896277003217407,1.070796460176991,1.070796460176991,0.8719211822660099,1.0
74,270,256,256,56.80487804878037,1.7871052200949107,1.809764309764309,1.5914019258472967,0.8971170152628603,0.8563853292090144,1.096816235337926,1.1310896829898534,0.8439716312056739,0.8973607038123166,1.382674516400337,1.405328798185941,0.8313057583130573,1.0320177328982205,0.9845422116527944,1.1137784446111525,0.897844634036821,1.0473243538405534,0.7122881142799659,0.6388542963885429,0.8833753854779928,1.0,0.9259259259259257,1.081689078798542,0.9110857794243373,1.0348214285714286,0.814199695626282,0.9830434782608696,0.9335227272727271,0.8866279069767441
48,289,256,256,36.142857142857125,2.017391304347827,1.6418219461697727,1.6682242990654206,0.9402264497959651,1.0,1.2799650043744533,0.896485041519736,1.542999925412098,0.8313057583130573,0.9696969696969698,1.0641381436941104,0.844175656532636,1.3196721311475408,1.0634804370383935,1.047244094488189,1.0639488409272584,0.6190566216088477,1.3026153635492261,0.9117896522476674,0.9548872180451128,1.1146817895400127,0.8840579710144928,1.1666666666666665,1.015509424958244,0.9498571428571427,1.1475409836065575,0.869864442127216,1.0533515731874146,0.9830361026533272
1896,363,256,256,37.42512077294681,1.6584883260783538,2.0339342523860027,1.590506472859414,1.015522388059702,0.9259428050586763,1.0799704724409447,1.448147084171215,0.9249249249249252,1.0155707270331777,0.8312783906554186,0.9847274436090224,1.0800689825080072,0.954481792717087,0.9847220589963569,0.9847220589963569,0.8307291666666665,1.080415687244835,1.015826637448259,1.2030324721806467,0.9401886358408096,0.7340289499258351,1.1310896829898534,1.0474972597734749,1.0801776242753178,1.0,0.9830483917705014,1.071119215865056,0.7456521739130432,1.146788990825688
2675,213,256,256,41.083333333333236,1.8716788198809826,1.4074074074074077,1.6729411764705877,1.0800689825080072,0.984714873603762,0.8838443066957055,0.969698735504924,1.4938271604938276,1.1861009890681935,0.8307291666666663,1.0473243538405534,1.0155038759689923,1.1310236220472438,0.9255696782319935,0.984714873603762,0.8436132983377078,0.897844634036821,1.1670843776106934,0.9846950788792085,0.8055555555555554,1.2598960415833667,0.8840579710144928,0.9696350364963502,1.1138211382113823,0.9830434782608697,1.0172413793103448,0.7219512195121951,0.8569293478260867,0.9025000000000003
2149,235,256,256,36.28571428571424,1.6222016365601355,1.367647058823529,1.642619911948714,1.1313131313131315,0.9548402037980545,1.1138211382113823,0.8822663723325975,0.9259512417407156,0.883999776922648,1.0156062424969987,0.8177111422715996,0.9548402037980545,1.0475551761980244,1.0,0.8706324635117204,0.8978102189781021,0.8686721293074414,0.9847274436090224,1.031437035245753,0.8440567066521267,1.015509424958244,0.8841354723707665,0.9257736667808608,1.2600000000000002,0.8721049395367904,1.0526236881559219,0.8126126126126129,0.9338609383832674,0.8421052631578944
2188,65,256,256,46.93333333333351,1.6234529702970297,1.74670921420024,1.0642451198418585,1.2611490558457212,1.1491015674780172,1.0,1.1496163682864453,0.911489361702128,1.1311475409836065,0.9246376811594206,1.1137500000000002,1.3409247757073843,0.8182991076228365,1.148854961832061,1.2409957627118644,0.9115646258503401,1.4043831742665256,0.6487673083417766,1.1138211382113823,0.7798941798941799,1.0472383720930232,1.2039882314481858,0.6694053208137717,1.0635114503816796,1.1870802686280781,0.9829991281604186,1.6750000000000003,0.9180327868852458,1.1082414617223038
1850,84,256,256,28.281021897810213,1.6804123711340206,1.3660940580118281,1.5755725190839698,0.8573388203017831,0.8978790259230167,1.0634804370383935,1.1141352063213348,0.9116297513170566,0.9696545284780581,1.0155558214670335,1.0967741935483872,0.9548767788962168,1.0,0.9696704578594338,1.0,1.1485902971805946,1.3611361900131955,0.9401438848920867,1.2601040416166465,0.9117297572568324,1.0967741935483872,1.0967261904761902,0.9847328244274809,1.0155316606929508,1.0347903657448705,1.0707964601769913,0.9830139372822301,0.8284457478005867,1.186558239655585
2644,436,256,256,78.22222222222251,2.774176351423393,1.4353523587652883,1.1143790849673205,1.0969365562666997,1.1669234720082178,1.1486847121616468,1.0974512743628186,1.0314769975786926,1.0155149779209929,1.1851851851851853,1.0979099981171152,0.9548402037980545,1.0,1.0969365562666997,1.0,1.0312481221080463,0.9247859291830595,0.8686721293074422,0.689289448787532,1.0,1.0979099981171152,1.080326248146317,0.9847058823529413,1.047399124939232,1.1087108013937286,1.052909255351221,1.0897376898297286,1.0714285714285716,1.0892448512585808
1735,309,256,256,141.4838709677424,1.9213483146067416,1.437710437710438,0.9543378995433792,0.9258244893301381,1.2033898305084743,1.0,1.0155057251908395,1.080029549372076,0.8705609027547296,1.0472956585010913,0.8309859154929576,0.7815584961142618,0.734205683909221,0.9116847826086956,1.0634920634920633,1.015503875968992,0.9548924358084665,0.8705609027547295,1.0,1.0635386119257086,0.8439716312056736,0.9258244893301381,0.7571606475716066,0.9696119682094438,0.9178947368421052,1.07086077674313,1.1272134203168684,1.187274909963986,1.0173128144421426
1570,504,256,256,36.142857142857125,1.7764326069410816,1.873655913978494,1.4275704275704273,1.131420989448411,1.0635114503816794,1.0634920634920633,0.7809949986838642,1.0967741935483868,1.1138781128769866,1.0634920634920633,1.1315456615228943,1.03129513721714,1.166410650281618,0.9694423223834989,0.8432876712328766,1.0312499999999998,0.9397276151840044,1.1137784446111525,1.0,1.1487603305785123,1.279795534032822,1.2029136316337148,0.9115646258503401,1.3611361900131955,1.0526315789473684,0.9179523141654978,0.6974883033735533,1.146616541353383,1.070909090909091
2127,371,256,256,55.07999999999987,1.8071895424836595,1.6977662009629804,1.5708661417322833,1.166495901639344,1.1489686783804434,0.9116297513170566,1.047244094488189,1.0316205533596836,0.793103448275862,1.0635114503816794,1.0637254901960786,1.0800689825080072,0.9847274436090224,1.166495901639344,1.1141352063213348,1.031437035245753,1.0800000000000003,0.8308668076109934,0.9252873563218389,0.8573388203017831,1.015587529976019,1.031315868714243,0.9548872180451129,1.0,1.0,0.9022556390977442,1.0347903657448705,0.8003937007874018,0.7862595419847328
1034,132,256,256,66.00000000000023,2.1131924003211133,1.41044776119403,1.4528301886792454,1.0314370352457531,1.4262295081967213,0.9403122130394861,1.0806251550483754,1.0,1.340220385674931,0.9847274436090224,1.5660660660660657,0.8841612831365563,0.8055555555555556,1.1489686783804434,1.2598960415833669,1.1139494114700728,0.883999776922648,1.1137357830271215,1.0314009661835748,1.0,1.2239003709591947,0.9118046132971509,1.1848739495798317,1.2219012605042017,1.1271541686073587,0.8871434477056634,0.9499358151476249,1.2934782608695654,0.7869406867845994
243,134,256,256,40.42355889724306,1.936856554564172,1.9191919191919184,1.131222004920825,0.9690476190476193,1.1486280487804879,1.1665705682619,1.0805152979066026,0.9548924358084666,0.9259512417407156,1.1140350877192982,1.0800295493720757,1.2832244008714597,1.096816235337926,0.6895522388059704,0.8569542253521124,1.1487603305785123,1.0805152979066026,0.9259512417407156,0.9548872180451129,0.9847274436090224,1.1310483870967738,1.4513888888888884,1.0472555434387494,0.8962962962962967,0.9024729091414284,1.071691176470588,0.9662337662337663,1.108166409861325,0.8266666666666668
2102,273,256,256,43.71428571428562,1.3851851851851857,1.4123414071510951,1.7253307827195916,1.1492537313432838,1.2229257353911094,1.0472555434387494,1.2600000000000002,1.240995762711864,1.0967201934403867,0.7936507936507938,0.7333333333333335,1.0972083748753734,1.340361030728951,1.6931702344546387,1.063573568066508,1.080029549372076,1.2407407407407405,1.3002717391304346,1.0472956585010917,0.8059701492537314,0.8824858757062146,0.81859167024474,0.9400334428876204,1.0805152979066024,0.7086834733893559,0.8871900826446284,1.207547169811321,1.1468926553672316,0.759830649817179
704,370,256,256,55.71223021582754,1.2998236331569668,1.6351457840819534,1.340361030728951,1.0473588342440798,1.1310153691106068,1.1137357830271213,0.8060528559249789,0.7346803408337159,1.3824064995097354,0.897706834532374,1.131545661522894,1.0473588342440798,1.0155428024868487,0.984714873603762,1.079980312538452,1.015509424958244,0.8185721953837898,0.8572134658685266,0.8837469260004471,1.1324250334245878,0.8841612831365563,1.0,1.063573568066508,0.870646766169154,0.9338609383832674,1.0708607767431297,1.0172439204126749,0.8572203389830508,0.8866279069767441
1497,18,256,256,40.25667828106851,2.090743274053808,1.3907256333190205,1.4536532170119956,0.7695035460992911,0.9402264497959651,1.0799803125384517,1.4939715016441362,1.1487603305785123,0.897706834532374,1.166442609307983,0.8839997769226479,1.166442609307983,1.080029549372076,1.0641381436941106,1.1310236220472445,1.3631538515259443,1.0803262481463178,1.2030324721806467,1.0312499999999998,1.166442609307983,1.2411714039621018,1.1486280487804876,0.9548924358084665,1.0156268782305564,0.9830361026533275,1.2070463320463323,1.0349462365591398,1.2711022840119164,0.9024390243902438
422,234,256,256,45.719999999999935,1.6617405582922828,1.4264726857794896,1.5682845945131139,1.2416196481911719,0.8058045241143836,1.3823529411764703,1.1310483870967738,0.8966613672496028,1.0967201934403867,1.0312781954887216,0.8971170152628603,1.031315868714243,1.0967741935483868,0.7809949986838642,0.9694835680751175,0.9694835680751172,0.9846950788792085,1.2995391705069128,1.0634804370383935,0.8573388203017831,0.7231237322515214,1.063573568066508,1.3198469108802617,0.8178879310344825,0.8718247175624786,1.3379204892966359,0.9178947368421052,0.7603226425965047,0.8002888655462186
146,415,256,256,36.28571428571424,1.8395429706905115,1.1012987012987014,1.0969365562667,0.8841354723707665,0.7461198478774799,1.0808759487370911,1.0474452554744522,0.9696969696969698,1.1485714285714288,0.9400921658986178,1.0155558214670335,0.7549224968579807,0.9696916710380604,1.0637254901960782,0.8310865681338316,1.0474972597734749,0.7010298970102988,0.8309859154929576,0.9115646258503401,0.8839285714285714,1.2216393442622953,0.8678712591756069,1.2421984163949698,0.9259005927952575,0.9176520270270269,1.207983193277311,1.108442110141345,1.0526710684273712,1.0348214285714286
163,401,256,256,40.42355889724306,1.83801652892562,1.667600373482727,1.383480825958702,1.2031249999999998,0.9847148736037625,0.8441247002398083,1.1137784446111525,1.1310896829898531,1.114523030455575,0.9258244893301382,1.0,0.8966613672496028,0.9548140424052831,1.1137500000000002,1.1310153691106068,1.1310483870967742,1.64516129032258,1.0312481221080463,0.8706038487060385,1.0312556350303541,1.1139494114700728,1.1489686783804434,0.925773666780861,0.8839285714285714,1.0894495412844039,1.1080415544440165,0.9829818181818182,0.9663865546218487,0.9024390243902439
591,108,256,256,48.699248120300645,1.4974611818382515,1.541165587419057,1.3641711604454096,1.4258652613587806,1.0472727272727274,0.9846950788792085,1.3016653016653017,1.404183154324477,0.9846824555202076,0.9696916710380604,0.8050243719535058,0.8838443066957057,0.9259428050586761,1.4939715016441362,1.279663865546218,1.0,0.8441247002398083,1.0806251550483752,0.9696119682094438,0.8573075023324735,1.0634804370383935,0.9256463051933199,0.9403087872352637,1.2995391705069128,0.8560492139439508,0.8863289382373352,1.0892857142857144,1.337977909940527,0.8427736343479135
213,468,256,256,40.42355889724306,1.3525046382189236,1.496146788990826,1.1665705682619,0.9696916710380602,0.7567567567567568,0.76957564383276,1.0473588342440803,1.0637254901960786,0.9696704578594344,1.0969365562667,0.856836077308518,0.9548611111111106,1.0799803125384517,1.1486847121616468,0.8828828828828827,0.9846824555202076,1.0801183286084062,1.015587529976019,1.2030324721806467,1.1140350877192982,1.047846889952153,0.870646766169154,1.0312481221080463,1.2411714039621018,0.7977662544874352,0.9023915461624027,1.2070463320463318,0.8560492139439508,0.8714285714285712
2708,83,256,256,38.007299270072934,1.75181758096497,1.4855819512923951,1.7764326069410816,1.1845875822899186,1.2604166666666665,1.1666666666666665,1.047244094488189,1.015531660692951,0.925714285714286,1.1320215804506504,1.4493087557603683,0.8312783906554186,0.8182991076228365,1.015509424958244,1.1492537313432838,0.984732824427481,1.0,1.0635386119257086,1.1326530612244898,0.6480881713153188,1.4956011730205272,1.1322145944571576,0.8438694180587403,1.0799704724409447,0.9659760087241003,1.1666666666666665,1.0526236881559219,0.8861551292743953,0.9023915461624027
213,193,256,256,64.00000000000023,1.4342774146695707,1.888888888888889,1.4770992366412212,1.0317363442172718,1.0,0.8706324635117204,0.9695853073638652,1.1848739495798322,1.2411714039621018,1.1138211382113823,0.9257142857142857,0.8840579710144928,1.1667842709602922,1.2045231071779745,1.0,0.8313148788927337,0.7577765126028674,1.1489686783804434,1.1143790849673205,1.0312499999999998,1.0155223880597015,0.8840579710144928,1.0155057251908395,1.0479351032448376,1.1271739130434784,0.8572203389830508,1.2932330827067666,1.1870802686280781,1.1673553719008267
830,341,256,256,55.71223021582754,1.7682836739719285,1.438995742181765,1.520694259012016,1.52,0.9117647058823528,1.0975914920237724,1.0314009661835748,1.080415687244835,0.9118046132971509,0.8312327581543788,0.9403087872352637,1.031437035245753,1.0,1.299661016949152,0.8313148788927337,0.883999776922648,0.7815584961142618,0.7460676467564512,1.131545661522894,1.0475551761980244,1.0155057251908395,0.7815470251535998,0.9401886358408097,1.2216393442622948,0.9499643620812541,0.6969285802392994,1.052789893217025,0.7603226425965047,1.0
