t0,x0,Th,Xw,L1,L2,L3,L4,L5,L6,L7,L8,L9,L10,L11,L12,L13,L14,L15,L16,L17,L18,L19,L20,L21,L22,L23,L24,L25,L26,L27,L28,L29,L30
1284,243,256,256,1.0,1.0,1.0,1.0,1.0,1.0,1.0,1.0,10.36000000000003,1.0,1.0,1.0,1.0,1.0,1.0,1.0,1.0,1.0,1.0,1.0,1.0,1.0,1.0,1.0,1.0,1.0,1.0,1.0,1.0,1.0
2561,53,256,256,1.0,129.76190476190484,1.0,1.0,1.0,1.0,1.0,167.2170087976541,1.0,2801.9090909091005,2801.9090909091005,39.79365079365078,2801.9090909091005,2801.9090909091005,1.0,728.3809523809549,728.3809523809549,112.65322580645159,1.0,1.0,1.0,53.48447204968942,1.0,1.0,1.0,1.0,1.0,1.7959183673469377,1.0,1.0
808,147,256,256,12.960000000000008,11.111111111111116,12.960000000000008,13.698947368421058,27.000000000000014,208.63888888888957,12.960000000000008,12.960000000000008,12.960000000000008,15.334310850439898,6.119999999999998,5.246913580246912,6.119999999999998,7.6949999999999985,7.6949999999999985,8.714646464646458,12.291428571428563,12.291428571428563,12.291428571428563,5.004162330905307,6.509189189189185,5.580580580580577,6.509189189189185,6.509189189189185,6.509189189189185,7.500000000000004,10.208333333333337,4.186274509803922,10.208333333333337,4.986666666666668
1758,123,256,256,35.164251207729485,35.164251207729485,39.103448275862064,1.0,36.853174603174615,32.03764921946741,26.587301587301607,26.00375657400453,26.00375657400453,53.35374149659861,10.447204968944106,10.447204968944106,10.712643678160925,21.548387096774206,16.76127819548873,15.44444444444445,12.76190476190477,12.427498121712992,12.427498121712992,22.511904761904756,5.714153561517114,5.714153561517114,5.7751124437781085,12.352231997393286,10.52586206896551,10.750000000000004,8.642424242424239,8.354285714285716,8.354285714285716,13.750000000000005
291,365,256,256,1.0,1.0,1.0,167.43939393939453,167.43939393939453,1.0,21.312500000000025,31.92783505154636,27.168224299065397,31.92783505154636,31.92783505154636,31.92783505154636,15.225589225589216,252.1363636363645,252.1363636363645,442.45833333333485,18.1205357142857,34.7285223367698,29.55140186915892,34.7285223367698,18.17900656044985,18.17900656044985,26.740740740740712,37.1363636363636,37.1363636363636,41.521951219512246,8.495495495495494,19.46626506024095,16.515217391304343,19.46626506024095
39,274,256,256,22.757322175732313,3.7196652719665244,22.757322175732313,3.7196652719665244,3.7196652719665244,3.1224489795918307,3.1224489795918307,3.1224489795918307,1.988969189806013,1.7074829931972801,1.988969189806013,1.4351464435146448,2.767782426778244,1.4351464435146448,1.4351464435146448,1.2653061224489817,1.2653061224489817,1.2653061224489817,1.181311018131103,1.0758017492711367,1.181311018131103,1.054393305439332,1.054393305439332,1.054393305439332,1.054393305439332,1.0,1.0,1.0,1.0,1.0
178,65,256,256,42.510248112189885,48.014563106796125,41.62499999999999,38.10679611650489,38.10679611650489,60.73490427098671,41.16931216931218,41.16931216931218,45.04205607476635,50.58139534883725,19.334184977005634,21.788121073672198,18.888655462184875,17.34766527970411,17.34766527970411,25.62628865979381,19.846560846560852,19.846560846560852,21.806074766355138,21.887949260042276,12.141613659189819,13.718446601941753,11.403439153439157,10.860436893203884,10.860436893203884,21.42857142857144,14.000000000000005,14.000000000000005,14.873517786561267,18.550000000000008
324,471,256,256,11.306748466257657,9.55491329479768,11.306748466257657,12.29856850715748,21.50832602979841,121.45197740113035,10.93939393939393,10.93939393939393,10.93939393939393,11.095579450418164,1.8608433148310446,1.5725295898706304,1.8608433148310446,2.0273474056358536,1.9836400817995914,1.7082324455205808,1.961479198767335,1.5033670033670032,1.961479198767335,1.803019903912148,1.822469325153374,1.5401011560693643,1.822469325153374,1.9836400817995914,1.941365784974353,2.0434782608695663,1.8965517241379306,2.034090909090908,1.8965517241379306,2.5471074380165275
2235,69,256,256,4.449720670391061,19.196248196248202,6.031813361611875,9.838808250572958,9.838808250572958,9.719836400817993,9.461538461538455,24.483870967741925,1.0,1.0,4.449720670391061,19.196248196248202,16.325203252032527,19.196248196248202,19.196248196248202,2.2701658713928645,2.5050167224080258,2.7096774193548394,3.838709677419355,3.236559139784945,1.3858240223463685,2.3972234661889837,2.0386879730866276,2.3972234661889837,2.3972234661889837,2.4659090909090895,1.996644295302014,3.080000000000001,1.9904761904761903,1.7536231884057978
170,494,256,256,1.0,1.0,1.0,1.0,1.0,1.0,1.0,1.0,1.0,1.0,1.0,1.0,1.0,1.0,1.0,1.0,1.0,0.4980694980694981,1.0,1.0,1.0,1.0,1.0,1.0,1.0,1.0,1.0,1.0,1.0,1.0
1913,165,256,256,1.0,2.7759562841530023,3.3442622950819603,317.3333333333326,777.7499999999982,551.7272727272715,1.0,1.0,369.72727272727303,101.69090909090905,10.36000000000003,16.98360655737711,16.98360655737711,70.81481481481477,16.98360655737711,11.924369747899208,7.8979591836735,7.8979591836735,7.8979591836735,2.1985815602836905,3.4266666666666765,5.617486338797835,5.617486338797835,1.6560559006211168,5.617486338797835,5.651376146789009,3.437500000000009,3.437500000000009,3.437500000000009,1.6348837209302323
2121,460,256,256,33.41558441558445,44.14893617021279,44.14893617021279,79.87125220458549,57.41830065359479,48.43859649122808,52.07142857142856,63.897327707454316,49.250591016548476,55.627659574468076,22.511904761904756,21.191489361702143,20.098277608915893,33.70061728395061,27.679738562091515,23.350877192982463,25.209183673469383,30.803094233473992,23.742316784869985,26.93085106382978,14.515873015873012,13.539007092198576,13.539007092198576,25.150499706055246,17.76688453159042,16.527777777777786,18.11224489795918,20.92391304347827,16.527777777777786,19.158730158730155
114,295,256,256,1.1871345029239766,1.1871345029239766,1.1871345029239766,1.0,1.3732057416267944,1.0,1.0,1.0,1.256182875160115,1.0,1.0,1.0,1.0,1.0,1.0,1.0,1.0,1.0,1.5047967108268627,1.0,1.0,1.0,1.0,1.0,1.0,1.0,1.0,1.0,1.0,1.0
217,158,256,256,18.89247311827958,21.338709677419356,18.89247311827958,32.03764921946741,21.105105105105114,18.592592592592602,18.00421940928271,16.40127388535033,16.40127388535033,38.007299270072934,5.84587813620072,6.367741935483872,5.84587813620072,14.571117877337981,10.174174174174178,9.529411764705886,4.291139240506331,4.217470427661512,4.217470427661512,15.775808133472356,3.32551319648094,3.6184107002360353,3.32551319648094,8.807162534435259,3.1012188659247486,5.919124087591244,2.6956521739130426,2.673171458364367,2.673171458364367,8.455882352941181
1146,362,256,256,1.0,1.0,1.0,3.648648648648649,3.810810810810811,1.0,1.0,40.28888888888888,56.250000000000036,40.28888888888888,2.22972972972973,13.566666666666668,13.834845735027216,3.108108108108107,3.359073359073361,3.1793372319688133,38.030303030303045,2.443389335281226,13.560810810810803,2.443389335281226,2.22972972972973,2.22972972972973,7.294736842105263,2.0458830923947207,2.22972972972973,2.0044515103338636,22.77999999999999,1.7090909090909094,1.853092087496625,1.7090909090909094
2320,370,256,256,1.0,1.0,1.0,1.0,1.0,1.0,1.0,4.046875,1.0,1.0,1.0,1.0,1.0,1.0,1.0,1.0,1.0,1.3385416666666667,1.0,1.0,1.0,1.0,1.0,1.0,1.0,1.0,1.0,0.7467532467532417,1.0,1.0
1588,2,256,256,21.1567944250871,18.4390243902439,1.0,20.6656050955414,21.0,16.057239057239066,16.057239057239066,16.057239057239066,28.665024630541858,7.869918699186996,6.031813361611875,5.502439024390244,14.07961504811899,4.512835359969118,4.5858585858585865,3.8270944741532986,8.229946524064173,3.8270944741532986,12.954022988505743,3.763066202090594,3.317073170731707,3.038327526132405,8.677165354330713,2.755414012738854,2.8000000000000007,2.442112986060162,2.442112986060162,2.442112986060162,7.729202327969877,2.3596938775510194
2028,191,256,256,1.0,1.0,1.0,1.0,1.0,1.0,1.0,1.0,1.0,1.0,1.0,1.0,1.0,1.0,1.0,1.0,1.0,1.0,1.0,1.0,1.0,1.0,1.0,1.0,2.0833333333333335,1.0,1.0,1.0,1.0,1.0
1411,27,256,256,23.915254237288078,20.8095238095238,20.8095238095238,20.8095238095238,6.990783410138245,9.720930232558132,8.142857142857137,9.720930232558132,9.720930232558132,9.720930232558132,1.5297767898490313,2.1964085297418627,2.826446280991737,2.1964085297418627,2.254480286738351,1.4737938215897262,1.2345415778251603,1.4737938215897262,1.566860465116279,1.5348837209302326,1.670036673604916,1.5937637241985074,1.6923783287419654,1.5937637241985074,2.065028161802356,2.0227814569536418,1.7019999999999997,2.0227814569536418,2.075280443303148,2.075280443303148
2428,110,256,256,582.750000000002,638.866666666669,638.866666666669,638.866666666669,43.42105263157897,75.69841269841274,6.999999999999996,75.69841269841274,1.0,40.28888888888888,16.62096774193548,13.566666666666668,2.22972972972973,13.566666666666668,48.43859649122808,3.1793372319688133,3.463157894736843,3.1793372319688133,38.030303030303045,2.443389335281226,12.375,2.22972972972973,2.22972972972973,2.22972972972973,6.947368421052633,2.0044515103338636,2.214532871972318,2.0044515103338636,22.77999999999999,1.7090909090909094
980,32,256,256,1.0,133.24691358024697,1.0,189.85135135135135,189.85135135135135,96.46874999999999,129.74396135265704,600.1304347826108,1.0,1611.555555555561,1611.555555555561,119.44444444444453,1.0,1.0,1.0,41.17361111111112,1.0,600.1304347826108,1.0,398.2222222222236,398.2222222222236,90.77777777777769,1.0,1.0,1.0,42.54901960784315,1.0,409.9729729729745,1.0,207.8392857142858
1607,12,256,256,18.89247311827958,21.338709677419356,18.89247311827958,32.03764921946741,21.105105105105114,18.592592592592602,18.00421940928271,16.40127388535033,16.40127388535033,38.007299270072934,5.84587813620072,6.367741935483872,5.84587813620072,14.571117877337981,10.174174174174178,9.529411764705886,4.291139240506331,4.217470427661512,4.217470427661512,15.775808133472356,3.32551319648094,3.6184107002360353,3.32551319648094,8.807162534435259,3.1012188659247486,5.919124087591244,2.6956521739130426,2.673171458364367,2.673171458364367,8.455882352941181
463,30,256,256,1.0,1.0,1.0,1.0,1.0,1.0,1.0,1.0,2.007751937984496,1.0,1.0,1.0,1.0,1.0,1.0,1.0,1.0,1.0,1.0,1.0,1.0,1.0,1.0,1.0,1.0,1.0,1.0,1.0,0.3304721030042919,1.0
775,408,256,256,1.0,1.0,1.0,1.0,4.09523809523811,1.0,1.0,1.0,1.0,1.0,1.0,1.0,1.0,1.0,2.031746031746039,1.0,1.0,1.0,1.0,1.0,1.0,1.0,1.0,1.0,1.6190476190476155,1.0,1.0,1.0,1.0,1.0
1935,132,256,256,1.0,1.0,1.0,1.0,1.0,1.0,1.0,1.0,1.0,1.0,1.0,1.0,1.0,1.0,1.0,1.0,1.0,1.0,1.054393305439332,1.0,1.0,1.0,1.0,1.0,1.0,1.0,1.0,1.0,1.0,1.0
838,315,256,256,1.0,1.0,1.3858998144712447,1.0,1.0,1.0,1.0,1.0,1.9285714285714288,1.0,1.0,1.0,1.5306122448979607,1.0,1.0,1.0,1.0,1.0,1.7074829931972801,1.0,1.0,1.0,1.2653061224489817,1.0,1.0,1.0,1.0,1.0,1.0,1.0
875,176,256,256,1.0,41.519480519480496,33.76083467094701,26.562289562289557,33.76083467094701,31.92783505154636,31.92783505154636,29.086419753086453,252.1363636363645,252.1363636363645,252.1363636363645,20.185360094450992,36.505617977528054,30.898989898989875,36.505617977528054,34.7285223367698,34.7285223367698,24.730158730158713,167.43939393939453,167.43939393939453,167.43939393939453,14.571117877337981,33.76083467094701,28.575757575757564,33.76083467094701,36.88170865279294,36.88170865279294,15.377880184331797,163.2400000000006,163.2400000000006
2082,26,256,256,1.0,1.3858998144712447,1.0,1.0,1.0,1.445714285714284,1.0,1.0,1.0,1.0,1.0,1.5306122448979607,1.0,1.0,1.0,1.445714285714284,1.0,1.0,1.0,1.0,1.0,1.2653061224489817,1.0,1.0,1.0,1.1160714285714282,1.0,1.0,1.0,1.0
372,125,256,256,1.0,1.0,1.0,1.0,1.1044176706827307,1.0,4.046875,4.046875,13.118644067796659,4.046875,4.046875,1.0,1.0,1.0,1.1044176706827307,1.0,1.0,1.0,1.2203389830508484,1.0,1.0,1.0,1.0,1.0,0.9129852744310578,1.0,1.0,1.0,1.121495327102805,1.0
2054,344,256,256,1.0,76.56250000000004,1.0,1.0,1.0,1.0,1.0,108.92452830188685,1.0,1204.9130434782649,1204.9130434782649,28.787499999999998,1204.9130434782649,1204.9130434782649,1.0,616.3333333333354,616.3333333333354,68.62803234501345,1.0,1.0,1.0,34.85416666666664,1.0,1.0,1.0,251.89999999999958,251.89999999999958,51.818181818181856,1.0,1.0
376,255,256,256,141.61224489795967,1.0,49.250591016548476,55.627659574468076,46.49999999999999,34.50397175639898,34.50397175639898,69.44301765650076,48.43859649122808,48.43859649122808,141.61224489795967,196.27426160337623,22.39977603583428,457.3829787234058,21.100840336134457,16.48984995586937,16.48984995586937,25.831460674157313,23.350877192982463,23.350877192982463,16.255102040816325,19.771683075480553,15.23955870764382,17.36524822695035,12.73897707231041,12.490636704119845,12.490636704119845,24.46753246753249,16.527777777777786,16.527777777777786
2383,4,256,256,71.18779342723032,21.76258992805757,21.76258992805757,41.519480519480496,25.823045267489714,22.11877394636016,22.11877394636016,35.71734892787526,24.277378097521993,27.420863309352516,11.172143974960884,10.446043165467634,9.907159986296671,17.51859504132231,5.409356725146195,4.78005591798695,4.633393829401087,13.854864433811795,10.446043165467634,11.703437250199846,3.3239436619718328,6.430494314226038,3.244604316546762,12.427498121712992,3.2975958414554896,3.1542857142857144,3.075630252100841,8.305785123966938,7.159779614325066,7.807272727272731
416,175,256,256,1.3157894736842126,1.0,1.3385416666666667,2.015625,13.118644067796659,1.7707509881422996,1.7707509881422996,1.0,1.0,1.0,1.3157894736842126,1.0,1.0,1.0,1.2203389830508484,1.0,1.0,1.0,1.0,1.0,1.3157894736842126,1.0,1.0,1.0,1.9322033898305069,1.0,1.0,1.0,1.0,1.0
900,281,256,256,1.0,5.046406338426714,9.719836400817993,8.21387283236994,9.719836400817993,18.49169435215946,9.720930232558132,9.691148775894549,1.0,1.0,2.1460055096418733,1.416902471231843,2.2701658713928645,1.9184328837508027,2.2701658713928645,1.5348837209302326,1.8221134230926155,1.7082324455205808,1.4471744471744474,1.4471744471744474,1.5033670033670032,1.803019903912148,1.941365784974353,1.6405761394864018,1.941365784974353,2.1299668874172175,1.9723412543825474,2.2857142857142856,1.9407894736842097,1.9407894736842097
2254,286,256,256,1.0,1.0,1.0,1.0,1.0,1.0,1.0,1.0,1.0,2.007751937984496,1.0,1.0,1.0,1.0,1.0,1.0,1.0,1.0,1.0,1.0,1.0,1.0,1.0,1.0,1.0,1.0,1.0,1.0,1.0,0.3304721030042919
509,2,256,256,1.0,1.0,1.0,1.0,1.445714285714284,1.0,1.0,1.0,1.5118110236220546,1.0,1.0,1.0,1.0,1.0,1.445714285714284,1.0,1.0,1.0,1.2047244094488179,1.0,1.0,1.0,1.0,1.0,1.1155555555555552,1.0,1.0,1.0,1.0,1.0
720,300,256,256,1.0,3.0233463035019454,1.0,1.0,1.0,1.0,1.0,1.0,1.0,1.0,1.0,1.5058365758754864,1.0,1.0,1.0,1.0,1.0,1.0,1.0,1.0,1.0,0.7470817120622568,1.0,1.0,1.0,1.0,1.0,1.0,1.0,1.0
1397,423,256,256,1.0,1.0,1.0,408.3333333333336,1.0,167.2170087976541,15.857142857142918,1395.5454545454595,1395.5454545454595,53.48447204968942,926.7575757575789,926.7575757575789,7.8979591836735,3.9183673469387905,2107.0000000000073,152.66666666666686,7.8979591836735,11.924369747899208,1395.5454545454595,51.03968253968253,926.7575757575789,7.9187675070028325,5.244897959183693,2.591836734693875,5.244897959183693,2.1142857142857117,3.437500000000009,5.651376146789009,5.651376146789009,1.3599999999999999
357,27,256,256,1.0,10.36000000000003,1.0,1.0,1.0,1.0,1.0,1.0,1.0,1.0,1.0,1.0,1.0,1.0,1.0,1.0,1.0,1.0,1.0,1.0,1.0,1.0,1.0,1.0,1.0,1.0,1.0,1.0,1.0,1.0
2160,322,256,256,1.0,1.0,1.0,1.0,1.0,1.0,1.0,1.0,1.0,1.0,1.0,1.0,1.0,1.0,1.0,1.0,1.0,1.0,1.0,1.0,1.0,1.0,1.0,1.0,1.0,1.0,1.0,1.0,1.0,1.0
1639,382,256,256,1.0,1.0,1.5058365758754864,1.0,1.0,1.0,1.0,1.0,1.0,1.0,1.0,1.0,1.0,1.0,1.0,1.0,1.0,1.0,1.0,1.0,1.0,1.0,1.0,1.0,1.0,1.0,1.0,1.0,1.0,1.0
1278,406,256,256,1.0,50.15966386554616,1.0,1.0,1.0,326.5652173913055,326.5652173913055,106.34482758620727,1.0,36.853174603174615,342.2500000000012,15.929971988795527,15.039115646258495,15.039115646258495,25.62628865979381,16.951690821256047,16.951690821256047,17.744421906693713,19.426197458455512,15.857142857142868,11.892857142857144,9.817527010804328,9.41517857142857,9.41517857142857,17.31555356342447,11.931818181818185,11.931818181818185,12.293043478260872,16.527777777777786,12.358247422680416
205,112,256,256,32.03764921946741,36.18595041322313,29.659611992945337,28.71900826446283,28.71900826446283,47.017699115044216,30.120000000000008,30.120000000000008,30.120000000000008,40.00000000000003,14.571117877337981,16.420515313563445,13.489557226399338,13.073986619441158,13.073986619441158,19.838495575221234,8.948571428571432,8.948571428571432,8.948571428571432,17.3090909090909,9.150470219435732,10.338842975206614,8.471264367816087,8.1849173553719,8.1849173553719,14.075801749271132,5.333333333333331,5.333333333333331,5.333333333333331,10.291536050156735
331,300,256,256,16.35514764565043,1.0,18.49169435215946,19.46153846153845,18.49169435215946,19.156424581005563,19.156424581005563,66.64356435643556,6.468287873808743,6.900837988826814,4.662861306776778,20.185360094450992,3.519379844961241,3.7039627039627034,3.519379844961241,3.342764462065236,3.342764462065236,13.127882599580728,3.112747587607923,3.342764462065236,2.6436342252278733,13.073986619441158,2.25968992248062,2.3782051282051273,2.25968992248062,2.1563342318059293,2.1563342318059293,8.419274092615774,1.9811320754716981,2.1563342318059293
686,312,256,256,1.0,1.0,1.0,1.0,1.0,1.0,1.0,4.09523809523811,1.0,1.0,1.0,1.0,1.0,1.0,1.0,1.0,1.0,2.031746031746039,1.0,1.0,1.0,1.0,1.0,1.0,1.0,1.0,1.0,1.4123348017621125,1.0,1.0
671,449,256,256,1.0,2.253012048192764,2.8273092369477983,8.663755458515316,2.8273092369477983,3.3442622950819603,1.0,1.0,1.0,2.0833333333333335,1.0,1.0,1.0,1.6244541484716173,1.0,16.98360655737711,10.36000000000003,10.36000000000003,10.36000000000003,1.8863636363636367,3.0472440944882035,5.6987951807229065,5.6987951807229065,1.4644700277888045,5.6987951807229065,5.721973094170431,3.0526315789473815,3.0526315789473815,3.0526315789473815,1.3885429638854279
2420,83,256,256,18.49169435215946,19.46153846153845,18.49169435215946,18.49169435215946,18.49169435215946,32.53465346534658,16.35514764565043,19.156424581005563,16.35514764565043,36.18595041322313,3.519379844961241,3.7039627039627034,3.519379844961241,8.990033222591359,3.519379844961241,4.692432542097787,4.662861306776778,5.150039904229845,4.662861306776778,17.51859504132231,2.988984088127294,3.1457489878542497,2.988984088127294,2.988984088127294,2.988984088127294,3.0151975683890573,2.594339622641509,2.873070325900513,2.594339622641509,9.695945945945951
1033,481,256,256,1.0,1.0,1.0,1.2888888888888892,1.0,1.0,1.0,1.0,1.0,1.2888888888888892,1.0,1.0,1.0,1.239080459770114,1.0,1.0,1.0,1.0,1.0,1.529629629629629,1.0,1.0,1.0,1.4,1.0,1.0,1.0,1.0,1.0,1.0
730,476,256,256,1.0,2.310924369747902,1.0,1.0,1.0,1.0,1.0,1.1044176706827307,1.0,2.007751937984496,2.007751937984496,1.0520208083233291,2.007751937984496,2.007751937984496,1.0,1.0,1.0,1.1044176706827307,1.0,1.0,1.0,1.109243697478993,1.0,1.0,1.0,1.0,1.0,1.0,1.0,1.0
2094,74,256,256,1.0,1.0,1.0,1.0,1.0,1.0,1.0,1.0,1.0,1.0,1.0,1.0,1.0,1.0,1.0,1.0,1.0,1.0,1.0,1.0,1.0,1.0,1.0,1.0,1.0,1.0,1.0,1.0,1.0,1.0
1459,120,256,256,1.2616279069767442,1.0,1.0,1.0,1.2976190476190477,1.0,1.0,1.0,1.0,1.0,1.5067567567567557,1.0,1.0,1.0,1.5067567567567557,1.0,1.0,1.0,1.0,1.0,1.0,1.0,1.0,1.0,1.6617647058823528,1.0,1.0,1.0,1.0,1.0
1796,212,256,256,33.57471264367812,7.869918699186996,8.367288378766142,7.869918699186996,1.0,20.8095238095238,21.50832602979841,18.136363636363637,7.303030303030308,18.136363636363637,6.08045977011494,3.763066202090594,4.026607538802661,3.763066202090594,9.03732866724993,2.905567300916139,3.0031388215151953,2.826446280991737,8.229946524064173,2.826446280991737,2.824561403508772,2.341463414634147,2.520657043305127,2.341463414634147,8.677165354330713,1.9976175548589332,2.034090909090908,1.9509852216748762,1.9509852216748762,1.9509852216748762
2142,79,256,256,1.0,1.0,1.0,1.0,1.3399581589958165,1.0,1.0,1.0,1.3858998144712447,1.0,1.0,1.0,1.0,1.0,1.5439330543933056,1.0,1.0,1.0,1.5306122448979607,1.0,1.0,1.0,1.0,1.0,1.0,1.0,1.0,1.0,1.2671232876712317,1.0
1579,352,256,256,1.0,1.0,1.0,1.0,1.0,1.0,1.0,1.0,1.0,1.0,1.0,1.0,1.0,1.0,1.0,1.0,1.0,1.0,1.0,1.0,1.0,1.0,1.0,1.0,1.0,1.0,1.0,1.0,1.0,1.0
670,162,256,256,1.0,1.0,1.0,1.445714285714284,1.0,1.0,1.0,1.5118110236220546,1.0,1.0,1.0,1.0,1.0,1.445714285714284,1.0,1.0,1.0,1.2047244094488179,1.0,1.0,1.0,1.0,1.0,1.1155555555555552,1.0,1.0,1.0,1.0,1.0,1.0
2504,10,256,256,1.0,146.05263157894746,1.0,287.89655172413774,287.89655172413774,131.66326530612238,189.85135135135135,168.08708708708718,1.0,2146.0000000000073,2146.0000000000073,132.24401913875607,1.0,1.0,1.0,46.20676691729325,1.0,777.4864864864893,1.0,530.285714285716,530.285714285716,102.6541353383458,1.0,1.0,1.0,47.74468085106386,1.0,544.3103448275882,1.0,253.57142857142873
1583,443,256,256,1.0,1.0,1.0,1.0,1.0,1.0,1.0,1.0,1.0,4.09523809523811,1.0,1.0,1.0,1.0,1.0,1.0,1.0,1.0,1.0,2.031746031746039,1.0,1.0,1.0,1.0,1.0,1.0,1.0,1.0,1.0,1.4123348017621125
1155,100,256,256,1.0,1.0,1.0,1.0,1.0,1.0,1.0,1.0,1.0,1.0,1.0,1.0,1.0,1.0,1.0,1.0,1.0,1.0,1.0,1.0,1.0,1.0,1.0,1.0,1.0,1.0,1.0,1.0,1.0,1.0
1383,439,256,256,1204.9130434782649,1.0,1611.555555555561,195.99999999999997,1611.555555555561,108.92452830188685,41.62500000000013,600.1304347826108,600.1304347826108,96.46874999999999,398.53623188405936,398.53623188405936,802.6666666666695,74.66666666666671,83.65432098765434,35.150943396226424,13.767857142857185,398.53623188405936,398.53623188405936,28.787499999999998,237.26086956521684,237.26086956521684,317.3333333333326,64.11594202898549,74.66666666666671,33.106060606060595,6.225242718446593,243.85405405405368,243.85405405405368,25.555555555555543
2502,217,256,256,1.0,199.82352941176543,32.783937455579235,23.18666666666667,32.783937455579235,35.81424148606813,35.81424148606813,28.169312169312178,85.40972222222224,96.46874999999999,76.56250000000004,48.794117647058826,32.783937455579235,28.07301587301586,32.783937455579235,37.960784313725505,37.960784313725505,65.99999999999999,46.70312499999999,53.812499999999964,46.70312499999999,32.01307189542488,24.85848535102268,23.18666666666667,27.07761194029851,30.084745762711858,30.084745762711858,48.432432432432485,30.629870129870127,30.629870129870127
2350,166,256,256,12.448559670781895,23.14814814814816,7.424903722721442,11.111111111111116,19.827586206896566,10.059891107078045,19.827586206896566,19.827586206896566,9.402323892519975,1.0,1.0,1.0,4.662741799831789,23.14814814814816,19.827586206896566,19.827586206896566,19.827586206896566,19.827586206896566,9.402323892519975,1.0,3.7944807552650683,3.7037037037037037,1.9512195121951224,3.5322359396433454,3.893416927899688,3.6000000000000005,4.873469387755102,4.421052631578949,3.512923188933381,5.5
2299,78,256,256,1.0,31.03448275862071,1.0,1.0,442.45833333333485,25.428104575163406,32.88679245283022,28.10031347962385,32.88679245283022,32.88679245283022,32.88679245283022,14.128078817733982,442.45833333333485,442.45833333333485,442.45833333333485,11.565015479876166,16.534591194968545,14.128078817733982,16.534591194968545,16.534591194968545,16.534591194968545,28.10031347962385,38.670454545454575,38.670454545454575,38.670454545454575,5.782652043868393,17.781954887218035,15.163157894736832,17.781954887218035,17.781954887218035
801,345,256,256,1.0,1.0,1.0,1.0,1.0,1.0,1.0,1.0,1.0,1.0,1.0,1.0,1.0,1.0,1.0,1.0,1.0,1.0,1.0,1.0,1.0,1.0,1.0,1.0,1.0,1.0,1.0,1.0,1.0,1.0
1198,401,256,256,6.468287873808743,6.900837988826814,6.468287873808743,1.0,7.313269493844051,87.15686274509792,19.156424581005563,19.156424581005563,19.156424581005563,66.64356435643556,4.662861306776778,5.150039904229845,4.662861306776778,20.185360094450992,3.519379844961241,3.588018433179722,3.342764462065236,3.342764462065236,3.342764462065236,3.3930050621260923,2.6436342252278733,2.909018355945731,2.6436342252278733,15.44444444444445,2.25968992248062,2.2857142857142856,2.1563342318059293,2.1563342318059293,2.1563342318059293,8.419274092615774
490,128,256,256,1.0,1.0,1.0,1.0,1.0,1.0,1.0,1.0,1.0,4.625498007968142,1.0,1.0,1.0,1.0,1.0,1.0,1.0,1.0,1.0,3.0717131474103683,1.0,1.0,1.0,1.0,1.0,1.0,1.0,1.0,1.0,2.035398230088489
859,182,256,256,36.904761904761926,36.904761904761926,36.904761904761926,11.565015479876166,16.534591194968545,24.447272727272747,28.541501976284614,28.541501976284614,28.541501976284614,22.320000000000025,17.714285714285726,17.714285714285726,17.714285714285726,8.205882352941178,10.732197200243455,11.683636363636356,10.043478260869561,10.043478260869561,10.043478260869561,22.320000000000025,28.04761904761902,28.04761904761902,28.04761904761902,5.673202614379087,14.286163522012577,11.83333333333333,10.909090909090903,10.909090909090903,10.909090909090903,7.364583333333336
112,226,256,256,1.0,1.0,22.466049382716054,27.000000000000014,27.000000000000014,23.14814814814816,7.424903722721442,10.537918871252195,9.02627257799671,10.537918871252195,7.098765432098761,7.098765432098761,4.564814814814813,27.000000000000014,27.000000000000014,11.744639376218327,7.024390243902444,19.13580246913582,16.39080459770117,11.744639376218327,2.241715399610136,5.246913580246912,2.572580645161289,3.761379310344828,3.761379310344828,3.8749999999999987,6.6874999999999964,12.764705882352947,10.941176470588243,3.9787234042553203
2261,452,256,256,1.0,1.0,1.0,1.0,1.0,1.0,1.0,1.0,10.36000000000003,1.0,1.0,1.0,1.0,1.0,1.0,1.0,1.0,1.0,1.0,1.0,1.0,1.0,1.0,1.0,1.0,1.0,1.0,1.0,1.0,1.0
1936,259,256,256,114.74999999999973,1.0,61.666666666666714,68.79259259259263,59.49999999999999,51.47058823529415,51.47058823529415,80.6917808219178,61.666666666666714,61.666666666666714,114.74999999999973,1.0,31.287719298245634,1.0,28.805555555555554,24.705882352941195,24.705882352941195,41.840182648401814,31.287719298245634,31.287719298245634,114.74999999999973,1.0,20.43809523809525,1.0,15.045977011494244,17.249999999999993,17.249999999999993,28.138248847926263,1.0,1.0
1591,331,256,256,1.0,1.0,1.0,1.5058365758754864,1.0,1.0,1.0,1.0,1.0,1.5058365758754864,1.0,1.0,1.0,1.0,1.0,1.0,1.0,1.0,1.0,1.0,1.0,1.0,1.0,1.0,1.0,1.0,1.0,1.0,1.0,1.0
882,367,256,256,1.0,1.0,1.0,1.0,1.0,1.0,1.445714285714284,1.0,1.0,1.0,1.259999999999999,1.0,1.0,1.0,1.0,1.0,1.445714285714284,1.0,1.0,1.0,1.1155555555555552,1.0,1.0,1.0,1.0,1.0,1.1160714285714282,1.0,1.0,1.0
1215,5,256,256,1.0,1.0,1.0,1.0,1.0,1.0,1.0,1.0,1.0,1.0,1.0,1.0,1.0,1.0,1.0,1.0,1.0,1.0,1.0,0.4980694980694981,1.0,1.0,1.0,1.0,1.0,1.0,1.0,1.0,1.0,1.0
1101,270,256,256,21.105105105105114,23.837837837837835,20.451851851851863,18.918918918918934,18.918918918918934,38.007299270072934,18.89247311827958,21.338709677419356,18.89247311827958,28.71900826446283,10.174174174174178,10.81717011128776,9.859259259259266,9.081081081081088,9.081081081081088,15.775808133472356,5.84587813620072,6.367741935483872,5.84587813620072,13.073986619441158,4.042188529993409,4.162162162162162,3.806349206349208,3.7149877149877164,3.7149877149877164,9.801920768307323,3.4520325203252034,3.6666666666666687,3.4520325203252034,7.755357142857146
1557,131,256,256,14.520000000000005,27.000000000000014,8.129032258064523,12.960000000000008,23.14814814814816,11.111111111111116,23.14814814814816,23.14814814814816,10.217836257309944,1.0,1.0,1.0,5.193548387096773,27.000000000000014,23.14814814814816,23.14814814814816,23.14814814814816,23.14814814814816,10.217836257309944,1.0,1.0,1.0,5.193548387096773,27.000000000000014,3.7037037037037037,25.000000000000018,4.850000000000001,4.086956521739132,3.236151603498542,4.8999999999999995
296,497,256,256,1.0,1.0,1.0,1.0,1.2976190476190477,1.0,1.0,1.0,1.273864384463463,1.0,1.0,1.0,1.0,1.0,1.5067567567567557,1.0,1.0,1.0,1.5192012288786474,1.0,1.0,1.0,1.0,1.0,1.0,1.0,1.0,1.0,1.6563201196709048,1.0
749,180,256,256,1.0,1.0,1.2616279069767442,1.0,1.0,1.0,1.273864384463463,1.0,1.0,1.0,1.0,1.0,1.5067567567567557,1.0,1.0,1.0,1.5192012288786474,1.0,1.0,1.0,1.0,1.0,1.0,1.0,1.0,1.0,1.6563201196709048,1.0,1.0,1.0
1678,345,256,256,1.0,1.0,1.0,1.0,1.0,1.0,1.273864384463463,1.0,1.0,1.0,1.2329749103942655,1.0,1.0,1.0,1.0,1.0,1.5192012288786474,1.0,1.0,1.0,1.4118663594470042,1.0,1.0,1.0,1.0,1.0,1.0,1.0,1.0,1.0
123,149,256,256,615.5454545454567,731.2941176470614,731.2941176470614,364.2352941176483,31.95238095238095,1.0,1.0,1.0,130.57928802589046,35.81424148606813,23.370129870129865,26.541176470588233,26.541176470588233,26.541176470588233,65.99999999999999,66.5371900826447,73.48484848484854,66.5371900826447,48.014563106796125,30.54545454545453,25.710743801652878,30.54545454545453,30.54545454545453,30.54545454545453,17.36054421768708,45.33684210526316,48.79699248120299,45.33684210526316,35.20000000000004,24.79661016949154
326,129,256,256,1.0,1.0,1.0,1.0,167.2170087976541,1.0,2063.068965517248,2063.068965517248,49.007774538386755,2063.068965517248,682.3793103448298,1.0,1.0,1.0,129.80184331797227,1.0,1.0,1.0,51.67346938775514,1.0,406.24137931034386,1.0,481.79365079365016,481.79365079365016,93.69949066213927,1.0,1.0,1.0,58.20000000000004,1.0
2424,385,256,256,1.0,1.0,1.5118110236220546,1.0,1.0,1.0,1.0,1.0,2.023622047244104,1.0,1.0,1.0,1.2047244094488179,1.0,1.0,1.0,1.0,1.0,1.2047244094488179,1.0,1.0,1.0,1.0,1.0,1.0,1.0,1.0,1.0,1.0,1.0
1807,32,256,256,1.0,1.0,1.3157894736842126,1.0,1.3385416666666667,2.3702239789196407,9.927038626609473,7.166007905138368,7.166007905138368,1.0,1.0,1.0,1.3157894736842126,1.0,1.0,1.0,1.318822808093193,1.0,1.0,1.0,1.0,1.0,4.508771929824581,1.0,1.0,1.0,1.0525606469002693,1.0,1.0,1.0
1693,412,256,256,1.0,1.0,1.445714285714284,1.0,1.0,1.0,1.0,1.0,2.039999999999994,1.0,1.0,1.0,1.445714285714284,1.0,1.0,1.0,1.0,1.0,1.445714285714284,1.0,1.0,1.0,1.1155555555555552,1.0,1.0,1.0,1.0,1.0,1.1160714285714282,1.0
705,348,256,256,1.0,1.0,1.0,1.0,4.625498007968142,1.0,1.0,1.0,1.0,1.0,1.0,1.0,1.0,1.0,3.0717131474103683,1.0,1.0,1.0,1.0,1.0,1.0,1.0,1.0,1.0,1.0,1.0,1.0,1.0,1.0,1.0
647,72,256,256,1.0,1.0,1.0,1.0,1.0,1.0,1.2616279069767442,1.0,1.0,1.0,1.2272727272727275,1.0,1.0,1.0,1.0,1.0,1.0,1.0,1.0,1.0,1.4166666666666663,1.0,1.0,1.0,1.0,1.0,1.0,1.0,1.0,1.0
1194,463,256,256,689.4507042253547,112.70370370370345,689.4507042253547,689.4507042253547,689.4507042253547,1.0,1.0,1.0,1.0,92.98113207547203,35.78873239436622,29.71056241426613,35.78873239436622,35.78873239436622,35.78873239436622,30.851851851851844,138.42857142857116,138.42857142857116,138.42857142857116,40.51781970649897,40.595070422535215,33.70061728395061,40.595070422535215,40.595070422535215,40.595070422535215,24.00000000000002,72.50000000000006,72.50000000000006,72.50000000000006,9.234604105571846
1314,113,256,256,1.0,1.0,1.0,1.0,1.0,1.0,1.0,1.0,2.007751937984496,1.0,1.0,1.0,1.0,1.0,1.0,1.0,1.0,1.0,1.0,1.0,1.0,1.0,1.0,1.0,1.0,1.0,1.0,1.0,0.3304721030042919,1.0
660,91,256,256,1.0,1.0,1.2616279069767442,1.0,1.0,1.0,1.273864384463463,1.0,1.0,1.0,1.0,1.0,1.5067567567567557,1.0,1.0,1.0,1.5192012288786474,1.0,1.0,1.0,1.0,1.0,1.0,1.0,1.0,1.0,1.6563201196709048,1.0,1.0,1.0
770,303,256,256,1.0,1.0,1.0,1.0,1.0,1.0,1.0,1.0,1.0,1.0,1.0,1.0,1.0,1.0,1.0,1.0,1.0,1.0,1.0,1.0,1.0,1.0,1.0,1.0,1.0,1.0,1.0,1.0,1.0,1.0
1676,167,256,256,364.2352941176483,100.61038961038948,364.2352941176483,364.2352941176483,364.2352941176483,1.0,761.3030303030331,1.0,761.3030303030331,97.5533980582528,33.88235294117649,28.51948051948054,33.88235294117649,33.88235294117649,33.88235294117649,30.8546511627907,106.2380952380952,124.43434343434329,106.2380952380952,48.014563106796125,37.960784313725505,31.952380952380963,37.960784313725505,37.960784313725505,37.960784313725505,22.68399999999999,57.44736842105258,62.95215311004777,57.44736842105258,8.642857142857142
656,401,256,256,23.94117647058833,1.0,1.0,1.0,1.0,1.0,1.1044176706827307,1.0,2.007751937984496,2.007751937984496,1.0520208083233291,2.007751937984496,2.007751937984496,1.0,1.0,1.0,1.1044176706827307,1.0,1.0,1.0,1.109243697478993,1.0,1.0,1.0,1.0,1.0,1.0,1.0,1.0,1.0
2479,180,256,256,1.0,241.88235294117732,63.91443850267385,38.44186046511625,55.8484848484848,85.40972222222224,76.56250000000004,64.52750809061482,58.35294117647066,50.977777777777845,19.422459893048128,19.422459893048128,19.422459893048128,10.80714690867839,30.28853754940711,43.77573529411765,38.845394736842124,48.014563106796125,21.647058823529402,18.911111111111108,20.85768500948766,20.85768500948766,20.85768500948766,10.80714690867839,20.943181818181817,28.487414187643026,24.842105263157883,37.90322580645165,15.598360655737705,13.708955223880599
847,65,256,256,582.750000000002,638.866666666669,638.866666666669,638.866666666669,43.42105263157897,75.69841269841274,6.999999999999996,75.69841269841274,1.0,40.28888888888888,16.62096774193548,13.566666666666668,2.22972972972973,13.566666666666668,48.43859649122808,3.1793372319688133,3.463157894736843,3.1793372319688133,38.030303030303045,2.443389335281226,12.375,2.22972972972973,2.22972972972973,2.22972972972973,6.947368421052633,2.0044515103338636,2.214532871972318,2.0044515103338636,22.77999999999999,1.7090909090909094
454,9,256,256,1.0,1.0,1.0,1.0,1.0,1.0,1.0,1.0,1.0,1.0,1.0,1.0,1.0,1.0,1.0,1.0,0.4980694980694981,1.0,1.0,1.0,1.0,1.0,1.0,1.0,1.0,1.0,1.0,1.0,1.0,1.0
1448,311,256,256,1.0,1.0,4.09523809523811,1.0,1.0,1.0,1.0,1.0,1.0,1.0,1.0,1.0,2.031746031746039,1.0,1.0,1.0,1.0,1.0,1.0,1.0,1.0,1.0,4.09523809523811,1.0,1.0,1.0,1.0,1.0,1.0,1.0
1149,49,256,256,1.0,1.0,1.0,1.0,1.0,1.0,1.0,1.0,1.0,10.36000000000003,1.0,1.0,1.0,1.0,1.0,1.0,1.0,1.0,1.0,5.160000000000014,1.0,1.0,1.0,1.0,1.0,1.0,1.0,1.0,1.0,1.0
1696,291,256,256,12.094827586206895,12.094827586206895,12.094827586206895,4.809302325581396,10.66283524904215,6.031813361611875,7.092603049124786,7.092603049124786,7.092603049124786,4.714285714285713,13.935960591132996,13.935960591132996,13.935960591132996,4.809302325581396,7.798850574712643,2.341463414634147,2.2454758356397693,2.2454758356397693,2.2454758356397693,2.582608695652174,3.415200562983814,3.415200562983814,3.415200562983814,2.2031324157570005,3.172413793103449,3.437499999999999,3.9045045045045055,3.9045045045045055,3.9045045045045055,3.142253521126762
2460,48,256,256,1.0,25.938775510204067,41.16931216931218,45.04205607476635,1.0,36.853174603174615,342.2500000000012,37.32352941176471,33.035714285714306,33.035714285714306,29.527245949926346,12.231292517006809,12.231292517006809,12.869158878504676,27.201550387596914,15.857142857142868,17.765873015873023,15.029190623617879,14.295454545454538,14.295454545454538,17.31555356342447,12.73897707231041,12.73897707231041,13.441121495327105,13.917547568710361,12.358247422680416,14.325478645066267,11.46739130434783,9.984002843938853,10.82817869415807
2451,219,256,256,31.858585858585883,506.2272727272745,506.2272727272745,506.2272727272745,21.826446280991714,31.92783505154636,27.168224299065397,31.92783505154636,31.92783505154636,31.92783505154636,29.086419753086453,252.1363636363645,252.1363636363645,252.1363636363645,20.185360094450992,34.7285223367698,29.55140186915892,34.7285223367698,34.7285223367698,34.7285223367698,26.740740740740712,37.1363636363636,37.1363636363636,37.1363636363636,10.338842975206614,19.46626506024095,16.515217391304343,19.46626506024095,19.46626506024095,19.46626506024095
1161,344,256,256,18.4390243902439,21.1567944250871,18.4390243902439,1.0,20.6656050955414,18.745398773006134,16.057239057239066,16.057239057239066,16.057239057239066,33.57471264367812,5.502439024390244,6.031813361611875,5.502439024390244,14.969430291801762,10.004777070063694,9.075153374233128,3.8270944741532986,3.8270944741532986,3.8270944741532986,13.935960591132996,3.038327526132405,3.317073170731707,3.038327526132405,8.677165354330713,2.755414012738854,2.554347826086957,2.442112986060162,2.442112986060162,2.442112986060162,7.729202327969877
411,34,256,256,1.0,1.0,1.0,1.0,3.569169960474323,1.0,1.0,1.0,1.0,1.0,1.0,1.0,1.0,1.0,1.7707509881422996,1.0,1.0,1.0,1.0,1.0,1.0,1.0,1.0,1.0,1.171277997364953,1.0,1.0,1.0,1.0,1.0
1512,459,256,256,1.0,1.0,1.0,1.0,1.0,1.0,1.0,1.0,1.0,1.0,1.0,1.0,1.0,1.0,1.0,1.0,1.0,1.0,1.0,1.0,1.0,1.0,1.0,1.0,1.0,1.0,1.0,1.0,1.0,1.0
116,103,256,256,104.42222222222209,56.250000000000036,104.42222222222209,104.42222222222209,17.16216216216214,59.49999999999999,10.274853801169598,23.578947368421144,10.274853801169598,69.54545454545439,2.9947689625108973,16.62096774193548,2.9947689625108973,2.9947689625108973,2.9947689625108973,16.300411522633752,4.673130193905821,5.266253869969042,4.673130193905821,38.030303030303045,2.888513513513513,16.031249999999996,2.888513513513513,2.888513513513513,2.888513513513513,10.195121951219514,2.5600000000000005,2.886274509803921,2.5600000000000005,22.77999999999999
1841,142,256,256,93.18181818181824,93.18181818181824,72.820987654321,93.18181818181824,93.18181818181824,93.18181818181824,93.18181818181824,93.18181818181824,89.06451612903228,119.44444444444453,480.81818181818346,1.0,37.32352941176471,44.727272727272755,44.727272727272755,47.27751196172251,42.41991341991339,42.41991341991339,40.50764006791174,57.33333333333337,238.54545454545539,965.3636363636397,35.10493827160495,965.3636363636397,965.3636363636397,33.59999999999998,118.65000000000003,28.560000000000002,70.95454545454537,42.363636363636516
411,70,256,256,10.36000000000003,1.0,1.0,1.0,1.0,1.0,1.0,1.0,1.0,1.0,1.0,1.0,1.0,1.0,1.0,1.0,1.0,1.0,1.0,1.0,1.0,1.0,1.0,1.0,2.370023419203746,1.0,1.0,1.0,1.0,1.0
525,342,256,256,168.08708708708718,189.85135135135135,131.66326530612238,189.85135135135135,189.85135135135135,195.99999999999997,173.53086419753092,173.53086419753092,150.49999999999997,3.365900383141762,516.3153153153172,1561.0000000000057,43.714285714285744,1561.0000000000057,1561.0000000000057,88.94117647058825,74.66666666666671,74.66666666666671,64.23456790123458,1.6226053639846743,516.3153153153172,1.0,46.20676691729325,1.0,1.0,1.0,136.10714285714275,279.5714285714284,77.73513513513515,1.0
451,420,256,256,16.35514764565043,1.0,18.49169435215946,19.46153846153845,18.49169435215946,19.156424581005563,19.156424581005563,66.64356435643556,6.468287873808743,6.900837988826814,4.662861306776778,20.185360094450992,3.519379844961241,3.7039627039627034,3.519379844961241,3.342764462065236,3.342764462065236,13.127882599580728,3.112747587607923,3.342764462065236,2.6436342252278733,13.073986619441158,2.25968992248062,2.3782051282051273,2.25968992248062,2.1563342318059293,2.1563342318059293,8.419274092615774,1.9811320754716981,2.1563342318059293
857,248,256,256,1.0,5.2940414507772005,9.720930232558132,8.142857142857137,9.720930232558132,1.7458563535911609,9.879959819186348,1.6613672496025438,1.8103896103896095,1.8103896103896095,1.8103896103896095,1.1325065828590837,1.8221134230926155,1.5263157894736843,1.8221134230926155,1.6650296705545322,1.589976322020521,1.837262794709603,1.551152073732718,1.551152073732718,1.0928571428571425,1.157167530224525,1.130634510479472,1.1408450704225352,2.0465116279069773,2.287735849056604,2.0952172005265464,2.3957055214723932,2.1063829787234045,2.1063829787234045
1446,403,256,256,1.0,1.0,1.0,1.0,1.0,1.0,1.0,1.0,1.0,1.0,1.0,1.0,1.0,1.0,1.0,1.0,1.0,1.0,1.0,1.0,1.0,1.0,1.0,1.0,1.0,1.0,1.0,1.0,1.0,1.0
2254,375,256,256,1.0,1.0,1.0,1.0,1.0,1.0,1.0,1.0,10.36000000000003,1.0,1.0,1.0,1.0,1.0,1.0,1.0,1.0,1.0,1.0,1.0,1.0,1.0,1.0,1.0,1.0,1.0,1.0,1.0,1.0,1.0
43,352,256,256,1.0,1.0,1.0,1.0,1.0,1.0,1.0,1.0,1.0,1.0,1.0,1.0,1.0,1.0,1.0,1.0,1.0,1.0,1.0,1.0,1.0,1.0,1.0,1.0,1.0,1.0,1.0,1.0,1.0,1.0
102,280,256,256,0.8917208062635352,1.3421052631578951,1.0448275862068965,1.3120960295475534,1.0612725844461905,1.0,1.0,1.0,1.0,1.0,1.0,1.0,0.8470588235294118,1.0,0.8919667590027704,1.0,1.0,1.0,1.0,1.0,1.0,1.0,1.0,1.0,1.0,1.0,1.0,1.0,1.0,1.0
2607,8,256,256,1.0,1.0,1.0,1.0,1.0,1.0,1.0,1.0,1.0,1.0,1.0,1.0,1.0,1.0,1.0,1.0,1.0,1.0,1.0,1.0,1.0,1.0,1.0,1.0,1.0,1.0,1.0,1.0,1.0,1.0
1263,62,256,256,1.0,1.0,1.0,1.0,1.0,1.0,1.0,1.0,2.007751937984496,1.0,1.0,1.0,1.0,1.0,1.0,1.0,1.0,1.0,1.0,1.0,1.0,1.0,1.0,1.0,1.0,1.0,1.0,1.0,0.3304721030042919,1.0
2528,323,256,256,1.0,6.08045977011494,31.52173913043481,27.000000000000014,31.52173913043481,27.000000000000014,12.960000000000008,11.111111111111116,1.0,1.0,1.0,6.08045977011494,31.52173913043481,27.000000000000014,31.52173913043481,27.000000000000014,27.000000000000014,11.111111111111116,1.0,1.0,1.0,9.02627257799671,31.52173913043481,27.000000000000014,31.52173913043481,29.166666666666686,29.166666666666686,12.000000000000009,1.0,1.0
1412,18,256,256,22.794871794871764,21.338709677419356,21.338709677419356,21.338709677419356,6.900837988826814,9.719836400817993,8.21387283236994,9.719836400817993,9.719836400817993,9.719836400817993,6.128205128205123,24.483870967741925,2.6457699330492996,24.483870967741925,2.1620111731843568,2.5625391260798795,2.1655066650937833,2.5625391260798795,2.6969064090849755,2.6969064090849755,2.006993006993006,2.3592880978865414,1.5520620661494486,2.3592880978865414,1.9005586592178771,1.804769001490313,1.5299827437446076,1.804769001490313,1.887519260400616,1.887519260400616
2111,467,256,256,1.0,25.938775510204067,41.16931216931218,45.04205607476635,1.0,36.853174603174615,342.2500000000012,37.32352941176471,33.035714285714306,33.035714285714306,29.527245949926346,12.231292517006809,12.231292517006809,12.869158878504676,27.201550387596914,15.857142857142868,17.765873015873023,15.029190623617879,14.295454545454538,14.295454545454538,17.31555356342447,12.73897707231041,12.73897707231041,13.441121495327105,13.917547568710361,12.358247422680416,14.325478645066267,11.46739130434783,9.984002843938853,10.82817869415807
1509,20,256,256,627.0526315789494,129.48837209302374,627.0526315789494,627.0526315789494,627.0526315789494,1.0,1.0,1.0,1.0,69.54545454545439,34.60681114551084,28.92065663474693,34.60681114551084,34.60681114551084,34.60681114551084,30.518796992481185,157.86666666666724,157.86666666666724,157.86666666666724,30.867768595041348,39.54385964912279,33.04651162790697,39.54385964912279,39.54385964912279,39.54385964912279,25.256097560975626,86.13839285714283,86.13839285714283,86.13839285714283,9.775000000000002
1581,403,256,256,1.0,4.046875,1.0,1.0,1.0,1.0,1.0,1.0,1.0,1.0,1.0,1.3385416666666667,1.0,1.0,1.0,1.0,1.0,1.0,1.0,1.0,1.0,0.7968749999999954,1.0,1.0,1.0,1.0,1.0,1.0,1.0,1.0
216,495,256,256,1.0,1.0,1.5058365758754864,1.0,1.0,1.0,1.0,1.0,1.0,1.0,1.0,1.0,1.0,1.0,1.0,1.0,1.0,1.0,1.0,1.0,1.0,1.0,1.0,1.0,1.0,1.0,1.0,1.0,1.0,1.0
874,499,256,256,1.0,1.0,1.0,1.0,1.0,1.0,4.09523809523811,1.0,1.0,1.0,1.0,1.0,1.0,1.0,1.0,1.0,2.031746031746039,1.0,1.0,1.0,1.0,1.0,1.0,1.0,1.0,1.0,1.4123348017621125,1.0,1.0,1.0
928,413,256,256,1.0,1.0,1.0,1.0,1.0,1.0,1.445714285714284,1.0,1.0,1.0,1.259999999999999,1.0,1.0,1.0,1.0,1.0,1.445714285714284,1.0,1.0,1.0,1.1155555555555552,1.0,1.0,1.0,1.0,1.0,1.1160714285714282,1.0,1.0,1.0
1483,31,256,256,1.0,1.0,1.0,442.45833333333485,442.45833333333485,1.0,18.843137254901983,32.88679245283022,28.10031347962385,32.88679245283022,32.88679245283022,32.88679245283022,14.128078817733982,442.45833333333485,442.45833333333485,36.904761904761926,14.892156862745091,16.534591194968545,14.128078817733982,16.534591194968545,16.534591194968545,16.534591194968545,28.10031347962385,38.670454545454575,38.670454545454575,40.00000000000003,7.232445520581113,17.781954887218035,15.163157894736832,17.781954887218035
43,14,256,256,16.35514764565043,19.156424581005563,16.35514764565043,1.0,18.49169435215946,20.561904761904728,19.156424581005563,19.156424581005563,19.156424581005563,26.89098532494755,4.662861306776778,5.150039904229845,4.662861306776778,16.539568345323726,3.645348837209302,10.038095238095247,9.351955307262582,9.351955307262582,9.351955307262582,14.379073756432257,2.6436342252278733,2.909018355945731,2.6436342252278733,11.703437250199846,2.380182002022244,6.8125000000000036,6.426886792452833,6.426886792452833,6.426886792452833,9.629787234042556
570,204,256,256,1.0,1.0,1.0,1.0,1.0,4.625498007968142,1.0,1.0,1.0,1.0,1.0,1.0,1.0,1.0,1.0,3.0717131474103683,1.0,1.0,1.0,1.0,1.0,1.0,1.0,1.0,1.0,2.035398230088489,1.0,1.0,1.0,1.0
180,157,256,256,19.156424581005563,51.47058823529415,19.156424581005563,19.156424581005563,19.156424581005563,43.42105263157897,17.16216216216214,20.675675675675627,17.16216216216214,53.376811594202834,3.224162011173184,14.669117647058822,3.224162011173184,3.224162011173184,3.224162011173184,13.834845735027216,4.613899613899611,5.142247510668566,4.613899613899611,26.05797101449279,2.909018355945731,3.122448979591837,2.909018355945731,2.909018355945731,2.909018355945731,2.959183673469389,2.5471074380165275,2.8436363636363633,2.5471074380165275,14.742857142857154
1799,434,256,256,12.770270270270268,12.770270270270268,12.770270270270268,1.144444444444444,10.91160220994476,1.0220338983050847,1.228070175438597,1.228070175438597,1.228070175438597,1.1826644419074384,1.0585585585585584,1.0585585585585584,1.0585585585585584,1.1181818181818177,1.0567025298051762,1.0,1.0,1.0,1.0,1.0,1.0,1.0,1.0,1.0,1.0,1.0,1.0,1.0,1.0,1.0
409,299,256,256,1.0,184.4579439252343,1.0,42.510248112189885,48.014563106796125,33.04481792717088,29.912337662337688,29.912337662337688,46.864833906071034,41.16931216931218,12.231292517006809,12.869158878504676,23.02657807308969,19.334184977005634,21.788121073672198,15.029190623617879,14.295454545454538,14.295454545454538,22.592210767468508,19.846560846560852,12.73897707231041,13.441121495327105,13.917547568710361,13.153901474289832,13.718446601941753,11.46739130434783,10.82817869415807,10.82817869415807,21.42857142857144,14.000000000000005
2015,502,256,256,1.0,31.95238095238095,96.46874999999999,110.68749999999993,110.68749999999993,130.57928802589046,35.81424148606813,24.489553924336523,27.764705882352935,27.764705882352935,26.541176470588233,28.169312169312178,50.020833333333314,58.18749999999994,50.020833333333314,48.014563106796125,30.54545454545453,25.710743801652878,30.54545454545453,30.54545454545453,30.54545454545453,17.36054421768708,36.75000000000002,41.17361111111112,36.75000000000002,35.20000000000004,24.79661016949154,20.837611940298522,24.79661016949154,24.79661016949154
1569,314,256,256,1.0,1.0,1.0,1.0,1.5058365758754864,1.0,1.0,1.0,1.0,1.0,1.0,1.0,1.0,1.0,1.0,1.0,1.0,1.0,1.0,1.0,1.0,1.0,1.0,1.0,1.0,1.0,1.0,1.0,1.0,1.0
1215,232,256,256,74.66666666666671,1.0,1.0,1.0,1.0,1.0,235.00000000000017,1.0,8.459016393442655,16.98360655737711,70.81481481481477,16.98360655737711,5.617486338797835,1.0,1.0,1.0,2.659574468085108,1.0,8.459016393442655,1.0,1.928571428571429,1.0,5.617486338797835,1.0,1.0,1.0,2.2093023255813984,1.0,2.836322869955152,1.0
1647,265,256,256,1.0,1.0,23.915254237288078,20.8095238095238,20.8095238095238,20.561904761904728,7.174438687392063,9.720930232558132,8.142857142857137,9.720930232558132,2.380182002022244,1.8637873754152825,2.0710922787193966,2.609284332688588,2.609284332688588,1.2208494208494205,1.3558510118291127,1.5348837209302326,1.2857142857142858,1.5348837209302326,1.7430035474970442,1.6339084771192796,1.9216794062257672,1.5937637241985074,1.5937637241985074,1.643962848297213,1.9002770083102503,2.075280443303148,1.7461734693877546,2.075280443303148
1578,329,256,256,1.0,1.0,1.0,1.0,1.0,1.0,1.0,1.0,1.0,1.0,1.0,1.0,1.0,1.0,1.0,1.0,1.0,1.0,1.0,1.0,1.0,1.0,1.0,1.0,1.0,1.0,1.0,1.0,1.0,1.0
139,357,256,256,1.0,1.2888888888888892,1.0,1.0,1.0,1.305642633228839,1.0,1.0,1.0,1.0,1.0,1.529629629629629,1.0,1.0,1.0,1.530852994555354,1.0,1.0,1.0,1.0,1.0,1.0,1.0,1.0,1.0,1.5380684721512512,1.0,1.0,1.0,1.0
1430,155,256,256,1.0,1.0,1.0,1.0,1.445714285714284,1.0,1.0,1.0,1.5118110236220546,1.0,1.0,1.0,1.0,1.0,1.445714285714284,1.0,1.0,1.0,1.2047244094488179,1.0,1.0,1.0,1.0,1.0,1.1155555555555552,1.0,1.0,1.0,1.0,1.0
70,343,256,256,1.0,1.0,1.0,1.0,1.0,1.0,1.5058365758754864,1.0,1.0,1.0,1.0,1.0,1.0,1.0,1.0,1.0,1.0,1.0,1.0,1.0,1.0,1.0,1.0,1.0,1.0,1.0,1.0,1.0,1.0,1.0
864,419,256,256,1.0,1.0,1.0,1.0,1.0,1.0,1.0,1.0,1.0,1.0,1.0,1.0,1.0,1.0,1.0,1.0,0.4980694980694981,1.0,1.0,1.0,1.0,1.0,1.0,1.0,1.0,1.0,1.0,1.0,1.0,1.0
1550,304,256,256,1.0,1.0,1.0,1.0,1.0,1.0,1.0,1.0,1.0,1.0,1.0,1.0,1.0,1.0,1.0,1.0,1.0,1.0,1.0,1.0,1.0,1.0,1.0,1.0,1.0,1.0,1.0,1.0,1.0,1.0
609,174,256,256,1.0,1.0,1.0,1.0,1.0,1.0,2.007751937984496,1.0,1.0,1.0,1.0,1.0,1.0,1.0,1.0,1.0,1.0,1.0,1.0,1.0,1.0,1.0,1.0,1.0,1.0,1.0,0.3304721030042919,1.0,1.0,1.0
2163,146,256,256,1.0,1.0,1.0,1.0,1.0,1.0,1.0,1.0,1.0,1.0,1.0,1.0,1.0,1.0,1.0,1.0,1.0,1.0,1.0,1.0,1.0,1.0,1.0,1.0,1.0,1.0,1.0,1.0,1.0,1.0
2036,97,256,256,1.0,1.0,1.0,1.0,1.0,1.0,1.0,1.0,2.529411764705897,1.0,1.0,1.0,1.0,1.0,1.0,1.0,1.0,1.0,1.254901960784321,1.0,1.0,1.0,1.0,1.0,1.0,1.0,1.0,1.0,0.7965217391304359,1.0
937,81,256,256,1.0,11.683636363636356,13.698947368421058,13.698947368421058,1.0,27.8888888888889,259.0000000000009,26.22388059701494,25.000000000000018,25.000000000000018,22.858407079646003,8.948571428571432,8.948571428571432,8.948571428571432,21.51111111111112,12.000000000000009,13.44444444444445,11.28358208955225,10.818181818181813,10.818181818181813,13.404771065794531,3.846315789473684,3.846315789473684,3.846315789473684,11.006060606060606,8.209439528023596,9.369469026548675,7.666666666666664,7.28141592920354,7.28141592920354
1614,72,256,256,1.0,1.0,1.0,67.85714285714292,67.85714285714292,1.0,1.0,50.57746478873236,66.2813852813853,50.57746478873236,16.04377617053673,16.04377617053673,16.300411522633752,23.42328042328044,3.463157894736843,30.28853754940711,45.764150943396224,17.69428334714168,15.797555385790682,17.69428334714168,16.56338028169015,16.56338028169015,9.024691358024688,2.152354570637119,2.3684210526315805,2.176724137931035,32.20000000000003,1.7721664275466282,11.256627783669138,1.7721664275466282
2456,22,256,256,1.0,122.96629213483189,1.0,57.41830065359479,64.85294117647058,41.16931216931218,39.974854932301774,39.974854932301774,61.63100137174214,57.41830065359479,1.0,122.96629213483189,1.0,27.679738562091515,1.0,22.511904761904756,21.191489361702143,21.191489361702143,38.83068783068781,27.679738562091515,17.76688453159042,18.893258426966288,22.532921810699595,20.245098039215684,20.245098039215684,15.65527950310559,14.481481481481477,14.481481481481477,26.511278195488707,18.81000000000001
1315,398,256,256,75.00000000000006,75.00000000000006,74.23943661971835,1.0,75.00000000000006,68.79259259259263,59.49999999999999,61.666666666666714,61.666666666666714,85.40972222222224,777.0000000000027,777.0000000000027,60.25736235595397,965.3636363636397,777.0000000000027,35.25882352941177,22.666666666666682,211.31111111111187,211.31111111111187,43.77573529411765,23.896551724137918,23.896551724137918,23.95774647887325,29.689655172413776,23.896551724137918,24.900621118012435,24.46753246753249,156.07142857142813,156.07142857142813,191.66666666666606
1674,103,256,256,18.49169435215946,18.49169435215946,18.49169435215946,30.07894736842101,18.49169435215946,6.900837988826814,6.468287873808743,23.741046831955952,6.878552971576231,7.239316239316241,2.581936181719849,5.0310077519379846,2.581936181719849,13.499999999999986,3.4008207934336534,3.342764462065236,3.112747587607923,17.51859504132231,2.581936181719849,2.717352415026834,2.25968992248062,2.25968992248062,2.25968992248062,2.5304709141274233,2.148837209302326,2.1563342318059293,1.9811320754716981,9.695945945945951,1.798245614035088,1.8666666666666667
350,285,256,256,20.451851851851863,18.918918918918934,18.918918918918934,36.70321151716498,22.11877394636016,21.338709677419356,18.89247311827958,32.03764921946741,21.105105105105114,23.837837837837835,10.482352941176474,9.598862019914657,9.081081081081088,16.586563307493535,4.633393829401087,4.354838709677421,4.0828247602441134,13.073986619441158,9.598862019914657,10.174174174174178,2.9333333333333345,6.027958993476232,2.886886886886886,11.557401255075666,2.8891625615763545,2.8416666666666663,2.698666666666667,7.755357142857146,6.51162790697674,6.8046511627907
2571,7,256,256,1.0,1.0,1.0,1.0,1.0,23.94117647058833,1.0,2.007751937984496,1.0,1.0,1.0,1.0,1.0,1.0,1.0,1.109243697478993,1.0,1.0,1.0,1.0,1.0,1.0,1.0,1.0,1.0,1.0604651162790713,1.0,1.0,1.0,1.0
701,360,256,256,10.36000000000003,1.0,1.0,1.0,1.0,1.0,1.0,1.0,1.0,1.0,1.0,1.0,1.0,1.0,1.0,1.0,1.0,1.0,1.0,1.0,1.0,1.0,1.0,1.0,2.370023419203746,1.0,1.0,1.0,1.0,1.0
1441,347,256,256,1.0,1.0,1.0,1.0,1.0,10.36000000000003,1.0,1.0,1.0,1.0,1.0,1.0,1.0,1.0,1.0,1.0,1.0,1.0,1.0,1.0,1.0,1.0,1.0,1.0,1.0,1.0,1.0,1.0,1.0,1.0
1689,419,256,256,1.0,1.0,1.0,1.5118110236220546,1.0,1.0,1.0,1.0,1.0,1.5118110236220546,1.0,1.0,1.0,1.2047244094488179,1.0,1.0,1.0,1.0,1.0,1.2047244094488179,1.0,1.0,1.0,1.0,1.0,1.0,1.0,1.0,1.0,1.0
2431,120,256,256,1.0,23.959064327485393,47.69387755102039,51.571428571428534,67.85714285714292,1.0,135.7605633802814,66.2813852813853,50.57746478873236,50.57746478873236,16.04377617053673,16.300411522633752,23.42328042328044,3.463157894736843,23.42328042328044,45.764150943396224,17.69428334714168,15.797555385790682,17.69428334714168,17.69428334714168,16.56338028169015,9.024691358024688,2.152354570637119,2.3684210526315805,2.152354570637119,32.20000000000003,1.7721664275466282,11.256627783669138,1.7721664275466282,1.7721664275466282
615,46,256,256,1.0,1.0,1.2616279069767442,1.0,1.0,1.0,1.273864384463463,1.0,1.0,1.0,1.0,1.0,1.5067567567567557,1.0,1.0,1.0,1.5192012288786474,1.0,1.0,1.0,1.0,1.0,1.0,1.0,1.0,1.0,1.6563201196709048,1.0,1.0,1.0
1330,506,256,256,18.29653220099081,18.29653220099081,38.007299270072934,18.89247311827958,21.338709677419356,18.4390243902439,32.98818897637795,20.6656050955414,21.0,20.335443037974688,4.360809291869615,4.360809291869615,18.554744525547466,4.0828247602441134,4.354838709677421,3.763066202090594,13.28346456692914,9.377669539153244,9.529411764705886,8.679324894514775,2.624203821656052,2.624203821656052,10.773722627737232,2.584229390681003,2.7760910815939286,2.3596938775510194,7.256320836966,2.2505213764337846,2.2505213764337846,2.1601830663615558
1416,27,256,256,11.306748466257657,9.55491329479768,11.306748466257657,12.29856850715748,21.50832602979841,121.45197740113035,10.93939393939393,10.93939393939393,10.93939393939393,11.095579450418164,1.8608433148310446,1.5725295898706304,1.8608433148310446,2.0273474056358536,1.9836400817995914,1.7082324455205808,1.961479198767335,1.5033670033670032,1.961479198767335,1.803019903912148,1.822469325153374,1.5401011560693643,1.822469325153374,1.9836400817995914,1.941365784974353,2.0434782608695663,1.8965517241379306,2.034090909090908,1.8965517241379306,2.5471074380165275
1004,49,256,256,1.0,1.0,1.0,260.99999999999994,132.24401913875607,1.0,1561.0000000000057,1561.0000000000057,43.714285714285744,1561.0000000000057,516.3153153153172,1.0,1.0,1.0,102.6541353383458,1.0,1.0,1.0,46.20676691729325,1.0,255.14414414414384,1.0,422.5714285714276,422.5714285714276,78.54385964912282,1.0,1.0,1.0,47.74468085106386,1.0
1884,306,256,256,1.0,20.8095238095238,21.50832602979841,18.136363636363637,18.136363636363637,16.11627906976744,25.68045112781953,7.313269493844051,7.8023255813953485,7.313269493844051,18.401574803149597,3.9605142332415064,4.093511805168247,3.8270944741532986,3.8270944741532986,3.519379844961241,12.484962406015029,3.4008207934336534,3.645348837209302,3.4008207934336534,12.566929133858277,2.479282622139765,2.5625391260798795,2.4181818181818184,2.4181818181818184,2.2657894736842104,7.569296375266523,2.1464165733482647,2.3295454545454546,2.1464165733482647
1585,157,256,256,5.193548387096773,27.000000000000014,7.671957671957674,12.960000000000008,12.960000000000008,11.111111111111116,10.217836257309944,27.000000000000014,1.0,1.0,5.193548387096773,27.000000000000014,23.14814814814816,27.000000000000014,27.000000000000014,23.14814814814816,10.217836257309944,1.0,1.0,1.0,5.193548387096773,27.000000000000014,23.14814814814816,27.000000000000014,27.000000000000014,25.000000000000018,3.5031055900621135,1.0,5.833333333333335,4.8999999999999995
374,255,256,256,48.43859649122808,48.43859649122808,52.07142857142856,1.0,49.250591016548476,42.510248112189885,36.853174603174615,34.50397175639898,34.50397175639898,69.44301765650076,224.05263157894814,23.350877192982463,59.746355685131164,196.27426160337623,22.39977603583428,20.492988133764847,17.765873015873023,16.48984995586937,16.48984995586937,29.300561797752803,14.988304093567256,14.988304093567256,16.255102040816325,19.771683075480553,15.23955870764382,16.52487961476725,13.372912801484228,12.490636704119845,12.490636704119845,24.46753246753249
1525,177,256,256,1.0,1.256182875160115,1.0,1.0,1.0,1.2616279069767442,1.0,1.0,1.0,1.0,1.0,1.0,1.0,1.0,1.0,1.5067567567567557,1.0,1.0,1.0,1.0,1.0,1.0,1.0,1.0,1.0,1.6974664679582705,1.0,1.0,1.0,1.0
1903,499,256,256,22.224489795918355,22.11877394636016,22.11877394636016,22.11877394636016,6.878552971576231,9.838808250572958,8.367288378766142,9.838808250572958,9.838808250572958,9.838808250572958,6.046583850931676,24.98275862068965,24.98275862068965,24.98275862068965,6.489596083231338,2.3449262601804977,1.994212484497727,2.3449262601804977,2.565525383707201,2.507421150278293,3.1916592724046144,3.689655172413792,4.78005591798695,3.689655172413792,2.4444444444444438,4.313725490196078,3.676470588235292,4.313725490196078,4.313725490196078,4.313725490196078
32,262,256,256,1.0,1.0,1.0,31.258620689655267,3.7196652719665244,22.757322175732313,1.988969189806013,1.988969189806013,1.988969189806013,1.988969189806013,1.988969189806013,3.175732217573222,1.988969189806013,1.6226053639846743,1.4351464435146448,1.4351464435146448,1.181311018131103,1.181311018131103,1.181311018131103,1.181311018131103,1.181311018131103,1.181311018131103,1.181311018131103,1.1344827586206891,1.054393305439332,1.0549295774647887,1.0,1.0,1.0,1.0
962,29,256,256,37.32352941176471,1.0,965.3636363636397,1.0,1.0,1.0,115.42396313364048,1.0,93.18181818181824,1.0,37.32352941176471,1.0,190.09090909090867,1.0,1237.4444444444487,965.3636363636397,100.59677419354837,1.0,44.727272727272755,1.0,37.32352941176471,1.0,319.3030303030314,1.0,409.2962962962977,323.40000000000117,78.40000000000009,1.0,241.49999999999926,1.0
2369,224,256,256,1.0,5.2940414507772005,9.720930232558132,8.142857142857137,9.720930232558132,1.7458563535911609,9.879959819186348,1.6613672496025438,1.8103896103896095,1.8103896103896095,1.8103896103896095,1.1325065828590837,1.8221134230926155,1.5263157894736843,1.8221134230926155,1.6650296705545322,1.589976322020521,1.837262794709603,1.551152073732718,1.551152073732718,1.0928571428571425,1.157167530224525,1.130634510479472,1.1408450704225352,2.0465116279069773,2.287735849056604,2.0952172005265464,2.3957055214723932,2.1063829787234045,2.1063829787234045
870,275,256,256,1.0,1.38860103626943,20.675675675675627,1.6613672496025438,1.4768339768339767,1.0,1.228070175438597,1.0448275862068965,1.2551293487957187,1.2551293487957187,1.3120960295475534,1.0,1.0585585585585584,1.1678096006454217,1.0585585585585584,1.0,1.0,1.0,1.0,1.0,1.0,1.0,1.0,1.0,1.0,1.0,1.0,1.0,1.0,1.0
1351,132,256,256,1.0,1.0,1.0,1.0,1.0,1.0,1.0,1.0,1.0,1.0,1.0,1.0,1.0,1.0,1.0,1.0,1.0,1.0,1.0,1.0,1.0,1.0,1.0,1.0,1.0,1.0,1.0,1.0,1.0,1.0
1669,455,256,256,1.0,1.0,1.0,1.0,1.0,1.0,1.0,1.0,1.0,1.0,1.0,1.0,1.0,1.0,1.0,0.4980694980694981,1.0,1.0,1.0,1.0,1.0,1.0,1.0,1.0,1.0,1.0,1.0,1.0,1.0,1.0
844,1,256,256,71.18779342723032,21.76258992805757,21.76258992805757,41.519480519480496,25.823045267489714,22.11877394636016,22.11877394636016,35.71734892787526,24.277378097521993,27.420863309352516,11.172143974960884,10.446043165467634,9.907159986296671,17.51859504132231,5.409356725146195,4.78005591798695,4.633393829401087,13.854864433811795,10.446043165467634,11.703437250199846,3.3239436619718328,6.430494314226038,3.244604316546762,12.427498121712992,3.2975958414554896,3.1542857142857144,3.075630252100841,8.305785123966938,7.159779614325066,7.807272727272731
1407,404,256,256,1.3905579399141634,1.0,1.0,1.0,1.0,1.0,1.6393442622950833,1.0,7.166007905138368,7.166007905138368,1.318822808093193,7.166007905138368,7.166007905138368,1.0,1.0,1.0,1.6393442622950833,1.0,3.569169960474323,1.0,1.3905579399141634,1.0,2.3702239789196407,1.0,1.0,1.0,1.3513513513513533,1.0,1.0,1.0
1446,489,256,256,1.0,260.99999999999994,211.15037593984948,1.0,250.9137931034482,189.85135135135135,30.183673469387767,1561.0000000000057,1561.0000000000057,1.0,2146.0000000000073,2146.0000000000073,110.99999999999987,1.0,1.0,1.0,41.45918367346936,1.0,1.0,135.3333333333333,530.285714285716,530.285714285716,211.15037593984948,1.0,1.0,1.0,40.355623100303944,1.0,1.0,1.0
1334,44,256,256,1.0,1.0,1.0,1.3858998144712447,1.0,1.0,1.0,1.0,1.0,1.3858998144712447,1.0,1.0,1.0,1.2653061224489817,1.0,1.0,1.0,1.0,1.0,1.5306122448979607,1.0,1.0,1.0,1.2653061224489817,1.0,1.0,1.0,1.0,1.0,1.0
45,225,256,256,14.111111111111093,21.33333333333341,8.06521739130435,4.673130193905821,4.033333333333334,2.6452633538060693,1.790796085691616,3.014237855946399,2.6417910447761193,4.000000000000003,3.606060606060604,3.606060606060604,1.7019039499857922,2.2204836415362728,1.4333333333333325,2.037540644398464,1.5910504905479788,1.6373330064958946,1.4813143584403563,2.009009009009008,2.009009009009008,2.009009009009008,1.1025337671300406,1.4736842105263166,1.2918367346938773,1.3778881987577645,1.1800000000000002,1.1800000000000002,1.0734463276836161,1.4276315789473684
1425,151,256,256,1.0,1.0,1.0,1.0,1.0,1.5118110236220546,1.0,1.0,1.0,1.5118110236220546,1.0,1.0,1.0,1.0,1.0,1.2047244094488179,1.0,1.0,1.0,1.2047244094488179,1.0,1.0,1.0,1.0,1.0,1.0,1.0,1.0,1.0,1.0
1994,1,256,256,1.0,1.0,1.0,1.0,1.0,1.0,1.0,1.0,1.0,1.0,1.0,1.0,1.0,1.0,1.0,1.0,1.0,1.0,1.0,1.0,1.0,1.0,1.0,1.0,1.0,1.0,1.0,1.0,1.0,1.0
1447,210,256,256,1.0,1.0,1.0,1.0,1.0,1.0,1.0,1.0,1.0,1.0,1.0,1.0,1.0,1.0,1.0,1.0,1.0,1.0,1.0,1.0,1.0,1.0,1.0,1.0,1.0,1.0,1.0,1.0,1.0,1.0
402,366,256,256,18.49169435215946,18.49169435215946,30.07894736842101,18.49169435215946,21.658914728682145,16.35514764565043,1.0,6.878552971576231,7.239316239316241,6.878552971576231,2.581936181719849,2.581936181719849,14.684210526315805,3.4008207934336534,3.645348837209302,3.112747587607923,17.51859504132231,2.581936181719849,2.717352415026834,2.581936181719849,2.25968992248062,2.25968992248062,2.5304709141274233,2.148837209302326,2.3186541316180107,1.9811320754716981,9.695945945945951,1.798245614035088,1.8666666666666667,1.798245614035088
664,330,256,256,1.0,1.0,1.0,1.0,1.0,1.0,1.0,10.36000000000003,1.0,1.0,1.0,1.0,1.0,1.0,1.0,1.0,1.0,5.160000000000014,1.0,1.0,1.0,1.0,1.0,1.0,1.0,1.0,1.0,1.0,1.0,1.0
1121,100,256,256,1.0,2.007751937984496,23.94117647058833,2.007751937984496,2.007751937984496,1.0,1.0,1.0,1.1044176706827307,1.0,2.007751937984496,2.007751937984496,1.0520208083233291,2.007751937984496,2.007751937984496,1.0,1.0,1.0,1.1044176706827307,1.0,2.007751937984496,1.0,1.109243697478993,1.0,1.0,1.0,1.0,1.0,1.0,1.0
536,285,256,256,1.1044176706827307,1.0,1.0,2.007751937984496,23.94117647058833,1.3385416666666667,1.3385416666666667,1.0,1.0,1.0,1.1044176706827307,1.0,1.0,1.0,1.109243697478993,1.0,1.0,1.0,1.0,1.0,1.1044176706827307,1.0,1.0,1.0,1.9103641456582667,1.0,1.0,1.0,1.0,1.0
1759,270,256,256,627.0526315789494,129.48837209302374,627.0526315789494,627.0526315789494,627.0526315789494,1.0,1.0,1.0,1.0,69.54545454545439,34.60681114551084,28.92065663474693,34.60681114551084,34.60681114551084,34.60681114551084,30.518796992481185,157.86666666666724,157.86666666666724,157.86666666666724,30.867768595041348,39.54385964912279,33.04651162790697,39.54385964912279,39.54385964912279,39.54385964912279,25.256097560975626,86.13839285714283,86.13839285714283,86.13839285714283,9.775000000000002
367,359,256,256,23.959064327485393,47.69387755102039,51.571428571428534,47.69387755102039,1.0,135.7605633802814,615.5454545454567,135.7605633802814,50.57746478873236,50.57746478873236,16.300411522633752,23.42328042328044,3.463157894736843,23.42328042328044,19.49197860962567,17.69428334714168,15.797555385790682,17.69428334714168,17.69428334714168,17.69428334714168,9.024691358024688,2.152354570637119,2.3684210526315805,2.152354570637119,25.90909090909088,1.7721664275466282,11.256627783669138,1.7721664275466282,1.7721664275466282,1.7721664275466282
1306,324,256,256,1.0,155.55555555555566,1.0,1.0,1.0,1.0,1.0,212.78181818181838,1.0,16.98360655737711,16.98360655737711,45.96415770609318,16.98360655737711,16.98360655737711,1.0,1.0,1.0,2.1985815602836905,1.0,1.0,1.0,1.6560559006211168,1.0,1.0,1.0,1.0,1.0,1.502325581395349,1.0,1.0
1875,226,256,256,42.510248112189885,48.014563106796125,41.62499999999999,38.10679611650489,38.10679611650489,60.73490427098671,41.16931216931218,41.16931216931218,45.04205607476635,50.58139534883725,19.334184977005634,21.788121073672198,18.888655462184875,17.34766527970411,17.34766527970411,25.62628865979381,19.846560846560852,19.846560846560852,21.806074766355138,21.887949260042276,12.141613659189819,13.718446601941753,11.403439153439157,10.860436893203884,10.860436893203884,21.42857142857144,14.000000000000005,14.000000000000005,14.873517786561267,18.550000000000008
1106,2,256,256,1.0,1.0,1.0,1.0,1.0,10.36000000000003,1.0,1.0,1.0,1.0,1.0,1.0,1.0,1.0,1.0,5.160000000000014,1.0,1.0,1.0,1.0,1.0,1.0,1.0,1.0,1.0,1.0,1.0,1.0,1.0,1.0
826,200,256,256,22.794871794871764,21.338709677419356,21.338709677419356,21.338709677419356,6.900837988826814,9.719836400817993,8.21387283236994,9.719836400817993,9.719836400817993,9.719836400817993,6.128205128205123,24.483870967741925,2.6457699330492996,24.483870967741925,2.1620111731843568,2.5625391260798795,2.1655066650937833,2.5625391260798795,2.6969064090849755,2.6969064090849755,2.006993006993006,2.3592880978865414,1.5520620661494486,2.3592880978865414,1.9005586592178771,1.804769001490313,1.5299827437446076,1.804769001490313,1.887519260400616,1.887519260400616
1870,160,256,256,1.0,76.56250000000004,1.0,1.0,1.0,1.0,1.0,108.92452830188685,1.0,1204.9130434782649,1204.9130434782649,28.787499999999998,1204.9130434782649,1204.9130434782649,1.0,616.3333333333354,616.3333333333354,68.62803234501345,1.0,1.0,1.0,34.85416666666664,1.0,1.0,1.0,251.89999999999958,251.89999999999958,51.818181818181856,1.0,1.0
629,137,256,256,1.0,1.0,1.0,1.5058365758754864,1.0,1.0,1.0,1.0,1.0,1.5058365758754864,1.0,1.0,1.0,1.0,1.0,1.0,1.0,1.0,1.0,1.0,1.0,1.0,1.0,1.0,1.0,1.0,1.0,1.0,1.0,1.0
1001,316,256,256,1.0,31.03448275862071,1.0,1.0,442.45833333333485,25.428104575163406,32.88679245283022,28.10031347962385,32.88679245283022,32.88679245283022,32.88679245283022,14.128078817733982,442.45833333333485,442.45833333333485,442.45833333333485,11.565015479876166,16.534591194968545,14.128078817733982,16.534591194968545,16.534591194968545,16.534591194968545,28.10031347962385,38.670454545454575,38.670454545454575,38.670454545454575,5.782652043868393,17.781954887218035,15.163157894736832,17.781954887218035,17.781954887218035
266,288,256,256,31.95238095238095,96.46874999999999,110.68749999999993,96.46874999999999,20.825708061002192,35.81424148606813,31.952380952380963,35.81424148606813,27.764705882352935,27.764705882352935,28.169312169312178,50.020833333333314,58.18749999999994,50.020833333333314,29.431372549019585,30.54545454545453,25.710743801652878,30.54545454545453,30.54545454545453,30.54545454545453,17.36054421768708,36.75000000000002,41.17361111111112,36.75000000000002,32.01307189542488,24.79661016949154,20.837611940298522,24.79661016949154,24.79661016949154,24.79661016949154
7,59,256,256,31.030395136778097,211.31111111111187,46.866666666666625,46.866666666666625,22.272727272727263,23.483370288248327,29.826086956521728,38.142857142857125,34.31249999999999,6.656077348066298,19.104448742746605,55.83636363636369,55.83636363636369,55.83636363636369,18.33333333333334,35.45528455284552,20.78260869565216,20.40487804878049,14.955882352941178,4.967377006051037,11.352583586626142,33.16296296296298,16.396078431372555,33.16296296296298,6.69421487603306,20.500000000000007,17.167721518987346,34.205714285714286,2.459893048128341,2.5471074380165275
1568,345,256,256,1.0,1.0,1.0,1.0,1.0,1.0,1.0,1.0,1.0,1.0,1.0,1.0,1.0,1.0,1.0,1.0,1.0,1.0,1.0,1.0,1.0,1.0,1.0,1.0,1.0,1.0,1.0,1.0,1.0,1.0
836,346,256,256,1.0,1.5058365758754864,1.0,1.0,1.0,1.0,1.0,1.0,1.0,1.0,1.0,1.0,1.0,1.0,1.0,1.0,1.0,1.0,1.0,1.0,1.0,1.0,1.0,1.0,1.0,1.0,1.0,1.0,1.0,1.0
825,456,256,256,1.0,1.0,4.09523809523811,1.0,1.0,1.0,1.0,1.0,1.0,1.0,1.0,1.0,2.031746031746039,1.0,1.0,1.0,1.0,1.0,1.0,1.0,1.0,1.0,4.09523809523811,1.0,1.0,1.0,1.0,1.0,1.0,1.0
1039,455,256,256,1.0,1.2261306532663323,0.978441127694859,1.0,1.0,1.0,1.0,1.256182875160115,1.0,1.0,1.0,1.2261306532663323,1.0,1.0,1.0,1.0,1.0,1.0,1.0,1.0,1.0,1.4260432597771466,1.0,1.0,1.0,1.0,1.0,1.0,1.0,1.0
2441,349,256,256,1.0,1.0,1.0,1.0,1.0,1.2888888888888892,1.0,1.0,1.0,1.2888888888888892,1.0,1.0,1.0,1.0,1.0,1.529629629629629,1.0,1.0,1.0,1.529629629629629,1.0,1.0,1.0,1.0,1.0,1.0,1.0,1.0,1.0,1.6135022940790917
465,81,256,256,1.0,1.0,1.0,1.0,1.0,1.0,1.0,3.569169960474323,1.0,1.0,1.0,1.0,1.0,1.0,1.0,1.0,1.0,1.7707509881422996,1.0,1.0,1.0,1.0,1.0,1.0,1.0,1.0,1.0,1.0,1.0,1.0
2458,267,256,256,1.0,22.466049382716054,27.000000000000014,27.000000000000014,27.000000000000014,7.424903722721442,11.111111111111116,9.517241379310352,11.111111111111116,11.111111111111116,11.111111111111116,6.416666666666662,27.000000000000014,27.000000000000014,27.000000000000014,7.024390243902444,11.744639376218327,10.059891107078045,11.744639376218327,11.744639376218327,11.744639376218327,3.6507092198581548,30.120000000000008,4.6506122448979585,3.761379310344828,2.6249999999999996,3.7755102040816317,3.410334346504561,3.9787234042553203,3.9787234042553203
2145,154,256,256,1.0,1.0,1.0,1.0,1.0,1.0,1.0,1.0,1.0,1.0,1.0,1.0,1.0,1.0,1.0,1.0,1.0,1.0,1.0,1.0,1.0,1.0,1.0,1.0,1.0,1.0,1.0,1.0,1.0,1.0
2,121,256,256,1.0,9.880658436213988,7.911922663802367,9.818181818181824,11.111111111111116,4.494252873563218,9.311688311688304,3.253481102585961,23.14814814814816,11.111111111111116,23.14814814814816,2.2547699214365875,8.240323029796718,6.272727272727269,7.671957671957674,2.824561403508772,3.5231910946196647,1.6931544547643622,5.092592592592591,5.092592592592591,5.092592592592591,1.3859978121581495,3.0494785350472955,3.195540308747854,2.721661054994388,2.0924369747899165,2.5288000000000004,1.3576694839057728,3.333333333333334,3.333333333333334
2060,266,256,256,1.0,1.0,1.0,1.0,1.0,2.007751937984496,2.007751937984496,23.94117647058833,2.007751937984496,2.007751937984496,1.0,1.0,1.0,1.0,1.0,1.0,1.0,1.109243697478993,1.0,1.0,1.0,1.0,1.0,1.0,1.0,1.0,1.0,1.0604651162790713,1.0,1.0
2504,100,256,256,1.0,321.5172413793115,1.0,36.853174603174615,41.62499999999999,26.587301587301607,26.00375657400453,26.00375657400453,41.16931216931218,35.164251207729485,10.447204968944106,10.712643678160925,20.43676395289297,16.76127819548873,18.888655462184875,12.76190476190477,12.427498121712992,12.427498121712992,19.846560846560852,16.951690821256047,5.714153561517114,5.7751124437781085,12.352231997393286,10.94897959183674,11.892857142857144,8.642424242424239,8.354285714285716,8.354285714285716,13.750000000000005,11.931818181818185
1529,408,256,256,1.0,1.0,1.0,1.0,1.0,1.0,1.0,1.0,10.36000000000003,1.0,1.0,1.0,1.0,1.0,1.0,1.0,1.0,1.0,5.160000000000014,1.0,1.0,1.0,1.0,1.0,1.0,1.0,1.0,1.0,1.0,1.0
1268,468,256,256,1.0,18.49169435215946,19.46153846153845,18.49169435215946,18.49169435215946,19.156424581005563,66.64356435643556,6.468287873808743,6.900837988826814,6.468287873808743,21.826446280991714,3.519379844961241,3.7039627039627034,3.519379844961241,3.519379844961241,3.342764462065236,13.127882599580728,3.112747587607923,3.342764462065236,3.112747587607923,15.44444444444445,2.25968992248062,2.3782051282051273,2.25968992248062,2.25968992248062,2.1563342318059293,8.419274092615774,1.9811320754716981,2.1563342318059293,1.9811320754716981
2216,251,256,256,1.0,1.0,2.007751937984496,1.0,1.0,1.0,1.0,1.0,1.0,1.0,1.0,1.0,1.0,1.0,1.0,1.0,1.0,1.0,1.0,1.0,1.0,1.0,1.0,1.0,1.0,1.0,1.0,1.0,1.0,1.0
2205,21,256,256,12.448559670781895,23.14814814814816,7.424903722721442,11.111111111111116,19.827586206896566,10.059891107078045,19.827586206896566,19.827586206896566,9.402323892519975,1.0,1.0,1.0,4.662741799831789,23.14814814814816,19.827586206896566,19.827586206896566,19.827586206896566,19.827586206896566,9.402323892519975,1.0,3.7944807552650683,3.7037037037037037,1.9512195121951224,3.5322359396433454,3.893416927899688,3.6000000000000005,4.873469387755102,4.421052631578949,3.512923188933381,5.5
818,458,256,256,1.0,4.625498007968142,1.0,1.0,1.0,1.0,1.0,1.0,1.0,1.0,1.0,3.0717131474103683,1.0,1.0,1.0,1.0,1.0,1.0,1.0,1.0,1.0,1.0,1.0,1.0,1.0,1.0,1.0,1.0,1.0,1.0
1697,140,256,256,17.16216216216214,1.0,6.900837988826814,51.47058823529415,6.900837988826814,17.16216216216214,104.42222222222209,88.57894736842084,6.182432432432432,6.621621621621619,4.613899613899611,28.541501976284614,3.342764462065236,15.208728652751422,3.342764462065236,3.229263746505124,3.229263746505124,48.43859649122808,2.9947689625108973,3.229263746505124,2.606177606177607,19.22826086956522,2.1620111731843568,2.320634920634919,2.1620111731843568,2.0909090909090913,2.0909090909090913,10.061224489795915,1.911688311688311,2.0909090909090913
2268,153,256,256,1.0,1.0,1.256182875160115,1.0,1.0,1.0,1.2616279069767442,1.0,1.0,1.0,1.0,1.0,1.0,1.0,1.0,1.0,1.5067567567567557,1.0,1.0,1.0,1.0,1.0,1.0,1.0,1.0,1.0,1.6974664679582705,1.0,1.0,1.0
1448,202,256,256,1.0,1.0,1.0,1.0,1.0,1.0,1.0,1.0,1.0,1.0,1.0,1.0,1.0,1.0,1.0,1.0,1.0,1.0,1.0,1.0,1.0,1.0,1.0,1.0,1.0,1.0,1.0,1.0,1.0,1.0
2281,218,256,256,1.0,1.0,1.0,1.0,1.3399581589958165,1.0,1.0,1.0,1.3858998144712447,1.0,1.0,1.0,1.0,1.0,1.5439330543933056,1.0,1.0,1.0,1.5306122448979607,1.0,1.0,1.0,1.0,1.0,1.0,1.0,1.0,1.0,1.2671232876712317,1.0
1105,211,256,256,39.974854932301774,39.974854932301774,572.35802469136,131.7647058823534,265.5882352941186,69.9795918367346,295.5569620253175,49.250591016548476,227.80851063829866,46.49999999999999,90.06382978723383,90.06382978723383,112.70370370370345,46.60427807486636,51.47058823529415,34.16326530612249,196.27426160337623,23.742316784869985,90.06382978723383,22.511904761904756,13.539007092198576,13.539007092198576,25.150499706055246,57.41830065359479,15.784313725490192,36.201298701298654,90.86956521739123,16.527777777777786,19.158730158730155,15.65527950310559
890,116,256,256,1.0,1.0,1.0,67.85714285714292,67.85714285714292,1.0,1.0,50.57746478873236,66.2813852813853,50.57746478873236,16.04377617053673,16.04377617053673,16.300411522633752,23.42328042328044,3.463157894736843,30.28853754940711,45.764150943396224,17.69428334714168,15.797555385790682,17.69428334714168,16.56338028169015,16.56338028169015,9.024691358024688,2.152354570637119,2.3684210526315805,2.176724137931035,32.20000000000003,1.7721664275466282,11.256627783669138,1.7721664275466282
2338,473,256,256,1.0,1.0,10.36000000000003,1.0,1.0,1.0,1.0,1.0,1.0,1.0,1.0,1.0,1.0,1.0,1.0,1.0,1.0,1.0,1.0,1.0,1.0,1.0,1.0,1.0,1.0,1.0,1.0,1.0,1.0,1.0
411,290,256,256,141.61224489795967,1.0,49.250591016548476,55.627659574468076,46.49999999999999,34.50397175639898,34.50397175639898,69.44301765650076,48.43859649122808,48.43859649122808,141.61224489795967,196.27426160337623,22.39977603583428,457.3829787234058,21.100840336134457,16.48984995586937,16.48984995586937,25.831460674157313,23.350877192982463,23.350877192982463,16.255102040816325,19.771683075480553,15.23955870764382,17.36524822695035,12.73897707231041,12.490636704119845,12.490636704119845,24.46753246753249,16.527777777777786,16.527777777777786
1872,109,256,256,1.0,1.0,1.0,1.0,1.6393442622950833,1.0,11.441767068273121,11.441767068273121,1.5406529423996667,11.441767068273121,5.6987951807229065,1.0,1.0,1.0,1.4843517138599123,1.0,1.0,1.0,1.6244541484716173,1.0,3.7844712182061677,1.0,1.0,1.0,1.2459016393442612,1.0,1.0,1.0,1.4354066985645935,1.0
1720,128,256,256,18.29653220099081,18.29653220099081,38.007299270072934,18.89247311827958,21.338709677419356,18.4390243902439,32.98818897637795,20.6656050955414,21.0,20.335443037974688,4.360809291869615,4.360809291869615,18.554744525547466,4.0828247602441134,4.354838709677421,3.763066202090594,13.28346456692914,9.377669539153244,9.529411764705886,8.679324894514775,2.624203821656052,2.624203821656052,10.773722627737232,2.584229390681003,2.7760910815939286,2.3596938775510194,7.256320836966,2.2505213764337846,2.2505213764337846,2.1601830663615558
2267,430,256,256,1.0,1.0,1.0,1.0,1.0,1.0,1.0,1.0,1.0,1.0,1.0,1.0,1.0,1.0,1.0,1.0,1.0,1.0,1.0,1.0,1.0,1.0,1.0,1.0,2.0833333333333335,1.0,1.0,1.0,1.0,1.0
69,270,256,256,27.000000000000107,27.000000000000107,27.000000000000107,3.3529411764705856,4.083333333333331,2.0226155358898725,1.7834101382488479,1.7834101382488479,2.3778801843317985,2.3778801843317985,2.8139534883720954,2.8139534883720954,2.8139534883720954,1.4056795131845836,1.8467741935483863,1.5502116198537892,1.1576521950036376,1.1576521950036376,1.1576521950036376,1.1576521950036376,1.439746300211417,1.439746300211417,1.439746300211417,0.9159663865546221,1.163043478260869,1.0731250000000008,1.0597624824415781,1.0597624824415781,1.0597624824415781,1.0597624824415781
45,289,256,256,3.1224489795918307,1.0,3.1224489795918307,3.1224489795918307,3.1224489795918307,2.560000000000007,2.560000000000007,1.7074829931972801,2.560000000000007,1.7074829931972801,1.2653061224489817,2.212827988338192,1.2653061224489817,1.2653061224489817,1.2653061224489817,1.0,1.0,1.0,1.0,1.0758017492711367,1.0,1.0758017492711367,1.0,1.0,1.0,1.0,1.0,1.0,1.0,1.0
1787,363,256,256,22.466049382716054,27.000000000000014,27.000000000000014,27.000000000000014,8.129032258064523,11.111111111111116,9.517241379310352,11.111111111111116,11.111111111111116,11.111111111111116,6.416666666666662,27.000000000000014,27.000000000000014,27.000000000000014,8.129032258064523,11.744639376218327,10.059891107078045,11.744639376218327,11.744639376218327,11.744639376218327,20.1388888888889,30.120000000000008,4.119999999999998,30.120000000000008,4.0828247602441134,3.7755102040816317,3.236151603498542,3.7755102040816317,3.9787234042553203,3.9787234042553203
2521,213,256,256,615.5454545454567,689.4507042253547,689.4507042253547,689.4507042253547,23.959064327485393,92.5909090909091,92.5909090909091,92.5909090909091,1.0,50.57746478873236,18.220779220779214,16.04377617053673,16.04377617053673,16.04377617053673,59.49999999999999,30.28853754940711,33.45310245310244,30.28853754940711,45.764150943396224,17.69428334714168,14.787878787878794,16.56338028169015,16.56338028169015,16.56338028169015,8.560283687943262,2.176724137931035,2.43757431629013,2.176724137931035,32.20000000000003,1.7721664275466282
2026,235,256,256,23.94117647058833,1.0,1.0,1.0,1.0,1.0,1.1044176706827307,1.0,2.007751937984496,2.007751937984496,1.0520208083233291,2.007751937984496,2.007751937984496,1.0,1.0,1.0,1.1044176706827307,1.0,1.0,1.0,1.109243697478993,1.0,1.0,1.0,1.0,1.0,1.0,1.0,1.0,1.0
2062,65,256,256,1.0,1.0,1.0,1.0,1.0,1.0,1.0,1.0,1.0,1.0,1.0,1.0,1.0,1.0,1.0,1.0,1.0,1.0,1.0,1.0,1.0,1.0,1.0,1.0,1.0,1.0,1.0,1.0,1.0,1.0
1744,84,256,256,1.0,46.49999999999999,1.0,1.0,1.0,449.84210526315945,449.84210526315945,69.9795918367346,1.0,49.250591016548476,457.3829787234058,25.938775510204067,227.80851063829866,227.80851063829866,189.31275720164675,224.05263157894814,23.350877192982463,59.746355685131164,1.0,23.742316784869985,227.80851063829866,14.515873015873012,13.539007092198576,13.539007092198576,25.150499706055246,145.44444444444497,16.527777777777786,18.11224489795918,20.92391304347827,16.527777777777786
2492,436,256,256,1.0,1.3858998144712447,1.0,1.0,1.0,1.445714285714284,1.0,1.0,1.0,1.0,1.0,1.5306122448979607,1.0,1.0,1.0,1.445714285714284,1.0,1.0,1.0,1.0,1.0,1.2653061224489817,1.0,1.0,1.0,1.1160714285714282,1.0,1.0,1.0,1.0
1635,309,256,256,1.0,1.0,1.0,1.273864384463463,1.0,1.0,1.0,1.2888888888888892,1.0,1.0,1.0,1.0,1.0,1.5192012288786474,1.0,1.0,1.0,1.529629629629629,1.0,1.0,1.0,1.0,1.0,1.0,1.0,1.0,1.0,1.6135022940790917,1.0,1.0
1480,504,256,256,1.0,1.0,1.0,235.00000000000017,1.0,244.8842975206614,2801.9090909091005,59.072562358276606,2801.9090909091005,2801.9090909091005,1.0,7.8979591836735,1.0,235.00000000000017,1.0,11.924369747899208,1.0,62.28571428571433,1.0,1.0,1.0,3.9183673469387905,1.0,2.659574468085108,1.0,5.651376146789009,1.0,2.0400000000000023,1.0,1.0
2004,371,256,256,58.586776859504,1.0,35.164251207729485,35.164251207729485,321.5172413793115,1.0,32.03764921946741,297.5289256198357,29.659611992945337,28.71900826446283,13.785123966942159,25.938775510204067,10.447204968944106,10.447204968944106,17.744421906693713,17.3090909090909,13.785123966942159,15.44444444444445,12.76190476190477,12.427498121712992,8.1849173553719,15.211180124223597,10.880837359098235,10.880837359098235,11.17241379310345,10.291536050156735,9.419047619047616,10.750000000000004,8.642424242424239,8.354285714285716
974,132,256,256,1.0,71.18779342723032,1.0,1.0,1.0,205.413793103449,22.11877394636016,102.31034482758656,1.0,24.277378097521993,225.46043165467705,10.540400296515946,9.907159986296671,9.907159986296671,17.51859504132231,4.633393829401087,4.78005591798695,4.633393829401087,13.854864433811795,10.446043165467634,7.834532374100721,3.3239436619718328,3.244604316546762,3.244604316546762,12.427498121712992,3.075630252100841,3.1542857142857144,3.075630252100841,8.305785123966938,7.159779614325066
229,134,256,256,54.23809523809511,28.71900826446283,28.71900826446283,53.35374149659861,35.164251207729485,30.120000000000008,30.120000000000008,44.62222222222224,32.03764921946741,36.18595041322313,14.298059964726637,13.785123966942159,13.073986619441158,22.511904761904756,16.951690821256047,14.520000000000005,14.520000000000005,17.3090909090909,13.785123966942159,15.44444444444445,8.471264367816087,8.1849173553719,8.1849173553719,15.211180124223597,10.880837359098235,10.208333333333337,10.208333333333337,10.291536050156735,9.419047619047616,10.750000000000004
1982,273,256,256,129.74396135265704,129.74396135265704,96.46874999999999,129.74396135265704,129.74396135265704,133.24691358024697,133.24691358024697,133.24691358024697,123.02830188679245,4.482142857142857,398.53623188405936,1204.9130434782649,38.845394736842124,59.00915331807783,59.00915331807783,60.60233918128658,54.37566137566134,54.37566137566134,49.5402184707051,2.0385338345864663,398.53623188405936,1.0,41.17361111111112,1.0,1.0,43.99999999999998,123.20000000000013,251.89999999999958,73.40909090909088,1.0
664,370,256,256,1.0,1.0,1.0,1.0,1.0,1.0,1.0,1.0,1.0,1.0,1.0,1.0,1.0,1.0,1.0,1.0,1.0,1.0,1.0,1.0,1.0,1.0,1.0,1.0,1.0,1.0,1.0,1.0,1.0,1.0
1411,18,256,256,1.0,22.794871794871764,21.338709677419356,21.338709677419356,21.338709677419356,6.990783410138245,9.719836400817993,8.21387283236994,9.719836400817993,9.719836400817993,9.719836400817993,1.7566204287515754,24.483870967741925,2.9919354838709675,2.4125636672325976,1.900836320191158,2.5625391260798795,2.2790554667322596,2.6969064090849755,2.6969064090849755,1.941365784974353,1.6153846153846152,2.3592880978865414,1.7027027027027029,1.4704956726986627,1.6204545454545447,1.804769001490313,1.6001338090990187,1.887519260400616,1.887519260400616
397,234,256,256,93.18181818181824,93.18181818181824,72.820987654321,93.18181818181824,93.18181818181824,93.18181818181824,93.18181818181824,93.18181818181824,89.06451612903228,119.44444444444453,480.81818181818346,1.0,37.32352941176471,44.727272727272755,44.727272727272755,47.27751196172251,42.41991341991339,42.41991341991339,40.50764006791174,57.33333333333337,238.54545454545539,965.3636363636397,35.10493827160495,965.3636363636397,965.3636363636397,33.59999999999998,118.65000000000003,28.560000000000002,70.95454545454537,42.363636363636516
137,415,256,256,1.0,1.5058365758754864,1.0,1.0,1.0,1.0,1.0,1.0,1.0,1.0,1.0,1.0,1.0,1.0,1.0,1.0,1.0,1.0,1.0,1.0,1.0,1.0,1.0,1.0,1.0,1.0,1.0,1.0,1.0,1.0
154,401,256,256,1.3858998144712447,1.0,1.0,1.0,1.3858998144712447,1.0,1.0,1.0,1.0,1.0,1.5306122448979607,1.0,1.0,1.0,1.5306122448979607,1.0,1.0,1.0,1.0,1.0,1.2653061224489817,1.0,1.0,1.0,1.2653061224489817,1.0,1.0,1.0,1.0,1.0
557,108,256,256,1.0,1.0,1.0,1.0,1.0,1.0,1.0,1.0,1.0,1.0,1.0,1.0,1.0,1.0,1.0,1.0,1.0,1.0,1.0,1.0,1.0,1.0,1.0,1.0,1.0,1.0,1.0,1.0,1.0,1.0
200,468,256,256,1.0,1.5118110236220546,1.0,1.0,1.0,1.5058365758754864,1.0,1.0,1.0,1.0,1.0,1.2047244094488179,1.0,1.0,1.0,1.0,1.0,1.0,1.0,1.0,1.0,1.0,1.0,1.0,1.0,1.0,1.0,1.0,1.0,1.0
2552,83,256,256,37.32352941176471,1.0,965.3636363636397,1.0,1.0,1.0,115.42396313364048,1.0,93.18181818181824,1.0,37.32352941176471,1.0,190.09090909090867,1.0,1237.4444444444487,965.3636363636397,100.59677419354837,1.0,44.727272727272755,1.0,37.32352941176471,1.0,319.3030303030314,1.0,409.2962962962977,323.40000000000117,78.40000000000009,1.0,241.49999999999926,1.0
201,193,256,256,23.959064327485393,47.69387755102039,51.571428571428534,47.69387755102039,1.0,135.7605633802814,615.5454545454567,135.7605633802814,50.57746478873236,50.57746478873236,16.300411522633752,23.42328042328044,3.463157894736843,23.42328042328044,19.49197860962567,17.69428334714168,15.797555385790682,17.69428334714168,17.69428334714168,17.69428334714168,9.024691358024688,2.152354570637119,2.3684210526315805,2.152354570637119,25.90909090909088,1.7721664275466282,11.256627783669138,1.7721664275466282,1.7721664275466282,1.7721664275466282
782,341,256,256,1.0,1.0,1.0,1.0,1.0,1.0,1.0,1.0,1.0,1.0,0.4980694980694981,1.0,1.0,1.0,1.0,1.0,1.0,1.0,1.0,1.0,0.3307593307593308,1.0,1.0,1.0,1.0,1.0,1.0,1.0,1.0,1.0
